	Source	Target	SourceType	Weight	Cofactor	Match	ABS_Weight	Sign_Weight	ABSRootWeight	SignedRootWeight
0	D-Glucose	bc1016	Metabolite	0.05745328770557882	None	-1	0.05745328770557882	1.0	0.23969415450857123	0.23969415450857123
1	bc1016	L-Alanine	Microbe	-0.026023178129174693	D-Glucose_e0	0	0.026023178129174693	-1.0	0.161317011282675	-0.161317011282675
2	bc1016	L-Glutamate	Microbe	-0.014024275753891109	D-Glucose_e0	0	0.014024275753891109	-1.0	0.11842413501432514	-0.11842413501432514
3	bc1016	Riboflavin	Microbe	-0.0004836692086271653	D-Glucose_e0	0	0.0004836692086271653	-1.0	0.021992480729266656	-0.021992480729266656
4	bc1016	Zn2+	Microbe	-0.00016122306954357782	D-Glucose_e0	0	0.00016122306954357782	-1.0	0.012697364669236598	-0.012697364669236598
5	bc1016	L-Histidine	Microbe	-0.004553954419615389	D-Glucose_e0	0	0.004553954419615389	-1.0	0.06748299355849138	-0.06748299355849138
6	bc1016	Co2+	Microbe	-0.00016122306954343272	D-Glucose_e0	0	0.00016122306954343272	-1.0	0.012697364669230883	-0.012697364669230883
7	bc1016	D-Glucose	Microbe	-1.000000000000001	D-Glucose_e0	1	1.000000000000001	-1.0	1.0000000000000004	-1.0000000000000004
8	bc1016	K+	Microbe	-0.00016122306954369063	D-Glucose_e0	0	0.00016122306954369063	-1.0	0.01269736466924104	-0.01269736466924104
9	bc1016	L-Proline	Microbe	-0.01059178162764525	D-Glucose_e0	0	0.01059178162764525	-1.0	0.1029163817263571	-0.1029163817263571
10	bc1016	L-Glutamine	Microbe	-0.012587334687932916	D-Glucose_e0	0	0.012587334687932916	-1.0	0.1121932916351638	-0.1121932916351638
11	bc1016	Pyridoxal	Microbe	-0.00016122306954381856	D-Glucose_e0	0	0.00016122306954381856	-1.0	0.012697364669246078	-0.012697364669246078
12	bc1016	TRHL	Microbe	-0.0034030548303741236	D-Glucose_e0	0	0.0034030548303741236	-1.0	0.05833570802153792	-0.05833570802153792
13	bc1016	AMP	Microbe	-0.006088123683416382	D-Glucose_e0	0	0.006088123683416382	-1.0	0.07802642939040837	-0.07802642939040837
14	bc1016	Deoxycytidine	Microbe	-0.0006896832404021166	D-Glucose_e0	0	0.0006896832404021166	-1.0	0.02626182096508383	-0.02626182096508383
15	bc1016	L-Cysteine	Microbe	-0.004374866324462453	D-Glucose_e0	0	0.004374866324462453	-1.0	0.06614277227681384	-0.06614277227681384
16	bc1016	Mn2+	Microbe	-0.00016122306954408536	D-Glucose_e0	0	0.00016122306954408536	-1.0	0.012697364669256583	-0.012697364669256583
17	bc1016	D-Alanine	Microbe	-0.002873882131944701	D-Glucose_e0	0	0.002873882131944701	-1.0	0.053608601286964215	-0.053608601286964215
18	bc1016	Chorismate	Microbe	-0.0003224461390862265	D-Glucose_e0	0	0.0003224461390862265	-1.0	0.017956785321605495	-0.017956785321605495
19	bc1016	Glycerol	Microbe	-0.00357880492740255	D-Glucose_e0	0	0.00357880492740255	-1.0	0.05982311365519643	-0.05982311365519643
20	bc1016	4-Hydroxybenzoate	Microbe	-0.00016122306953369583	D-Glucose_e0	0	0.00016122306953369583	-1.0	0.012697364668847463	-0.012697364668847463
21	bc1016	L-Leucine	Microbe	-0.021567323459189224	D-Glucose_e0	0	0.021567323459189224	-1.0	0.14685817464203083	-0.14685817464203083
22	bc1016	L-Aspartate	Microbe	-0.011538390130598736	D-Glucose_e0	0	0.011538390130598736	-1.0	0.10741689871988827	-0.10741689871988827
23	bc1016	L-Arginine	Microbe	-0.014173543530711782	D-Glucose_e0	0	0.014173543530711782	-1.0	0.11905269224470223	-0.11905269224470223
24	bc1016	CMP	Microbe	-0.0013548885500875866	D-Glucose_e0	0	0.0013548885500875866	-1.0	0.036808810767091985	-0.036808810767091985
25	bc1016	Sulfate	Microbe	-0.00016122306954377354	D-Glucose_e0	0	0.00016122306954377354	-1.0	0.012697364669244305	-0.012697364669244305
26	bc1016	Acetate	Microbe	1.4964829358497282	D-Glucose_e0	0	1.4964829358497282	1.0	1.2233081933224057	1.2233081933224057
27	bc1016	Putrescine	Microbe	-0.00016122306954374587	D-Glucose_e0	0	0.00016122306954374587	-1.0	0.012697364669243216	-0.012697364669243216
28	bc1016	L-Phenylalanine	Microbe	-0.008877652716890791	D-Glucose_e0	0	0.008877652716890791	-1.0	0.09422129651459266	-0.09422129651459266
29	bc1016	Oxidized glutathione	Microbe	-8.061153477201887e-05	D-Glucose_e0	0	8.061153477201887e-05	-1.0	0.008978392660828489	-0.008978392660828489
30	bc1016	2-Oxoglutarate	Microbe	-0.00032244613908655705	D-Glucose_e0	0	0.00032244613908655705	-1.0	0.017956785321614696	-0.017956785321614696
31	bc1016	Uridine	Microbe	-0.0053798146350004464	D-Glucose_e0	0	0.0053798146350004464	-1.0	0.07334721968146063	-0.07334721968146063
32	bc1016	Ca2+	Microbe	-0.0001612230695431647	D-Glucose_e0	0	0.0001612230695431647	-1.0	0.012697364669220331	-0.012697364669220331
33	bc1016	L-Tyrosine	Microbe	-0.006933267683796765	D-Glucose_e0	0	0.006933267683796765	-1.0	0.0832662457649963	-0.0832662457649963
34	bc1016	Spermidine	Microbe	-0.00016122306954302794	D-Glucose_e0	0	0.00016122306954302794	-1.0	0.012697364669214945	-0.012697364669214945
35	bc1016	Pimelate	Microbe	-0.0004252393321438339	D-Glucose_e0	0	0.0004252393321438339	-1.0	0.020621331968227317	-0.020621331968227317
36	bc1016	NH3	Microbe	0.0008061153477152456	D-Glucose_e0	0	0.0008061153477152456	1.0	0.028392170535470614	0.028392170535470614
37	bc1016	Glucose-1-phosphate	Microbe	-0.0037816504994862025	D-Glucose_e0	0	0.0037816504994862025	-1.0	0.06149512581893139	-0.06149512581893139
38	bc1016	Cl-	Microbe	-0.00016122306954406752	D-Glucose_e0	0	0.00016122306954406752	-1.0	0.01269736466925588	-0.01269736466925588
39	bc1016	BET	Microbe	-0.00032244613907769646	D-Glucose_e0	0	0.00032244613907769646	-1.0	0.017956785321367977	-0.017956785321367977
40	bc1016	1,2-Diacyl-sn-glycerol dioctadecanoyl	Microbe	-0.007157609854813912	D-Glucose_e0	0	0.007157609854813912	-1.0	0.08460265867461797	-0.08460265867461797
41	bc1016	fe3	Microbe	-0.00048366920862980575	D-Glucose_e0	0	0.00048366920862980575	-1.0	0.021992480729326688	-0.021992480729326688
42	bc1016	L-Valine	Microbe	-0.0202369547523353	D-Glucose_e0	0	0.0202369547523353	-1.0	0.14225665099507756	-0.14225665099507756
43	bc1016	H+	Microbe	2.4287077039340965	D-Glucose_e0	0	2.4287077039340965	1.0	1.558431167531661	1.558431167531661
44	bc1016	Cytidine	Microbe	-0.0034771406771894027	D-Glucose_e0	0	0.0034771406771894027	-1.0	0.058967284804282816	-0.058967284804282816
45	bc1016	L-Methionine	Microbe	-0.007342611901289777	D-Glucose_e0	0	0.007342611901289777	-1.0	0.08568904189737318	-0.08568904189737318
46	bc1016	BIOT	Microbe	-0.0001612230695442464	D-Glucose_e0	0	0.0001612230695442464	-1.0	0.012697364669262926	-0.012697364669262926
47	bc1016	Glycine	Microbe	-0.02881002635575413	D-Glucose_e0	0	0.02881002635575413	-1.0	0.16973516534812144	-0.16973516534812144
48	bc1016	L-Isoleucine	Microbe	-0.01389211938118603	D-Glucose_e0	0	0.01389211938118603	-1.0	0.11786483521893215	-0.11786483521893215
49	bc1016	ddca	Microbe	-0.002712659062405162	D-Glucose_e0	0	0.002712659062405162	-1.0	0.052083193665568954	-0.052083193665568954
50	bc1016	Myristic acid	Microbe	-0.005908987333427748	D-Glucose_e0	0	0.005908987333427748	-1.0	0.07686993777431947	-0.07686993777431947
51	bc1016	dGTP	Microbe	-0.0006896832404011108	D-Glucose_e0	0	0.0006896832404011108	-1.0	0.02626182096506468	-0.02626182096506468
52	bc1016	NADP	Microbe	-0.0004836692086210254	D-Glucose_e0	0	0.0004836692086210254	-1.0	0.021992480729127066	-0.021992480729127066
53	bc1016	D-Arabinose	Microbe	-0.004310823197917686	D-Glucose_e0	0	0.004310823197917686	-1.0	0.0656568594886908	-0.0656568594886908
54	bc1016	5-Aminolevulinate	Microbe	-0.0012897845563457336	D-Glucose_e0	0	0.0012897845563457336	-1.0	0.03591357064322251	-0.03591357064322251
55	bc1016	TTP	Microbe	-0.0011514359277811903	D-Glucose_e0	0	0.0011514359277811903	-1.0	0.033932814910955886	-0.033932814910955886
56	bc1016	GTP	Microbe	-0.007940790125458919	D-Glucose_e0	0	0.007940790125458919	-1.0	0.089111111122345	-0.089111111122345
57	bc1016	hexadecenoate	Microbe	-0.0064803013567696684	D-Glucose_e0	0	0.0064803013567696684	-1.0	0.080500318985515	-0.080500318985515
58	bc1016	Formate	Microbe	-0.00016122306954430076	D-Glucose_e0	0	0.00016122306954430076	-1.0	0.012697364669265066	-0.012697364669265066
59	bc1016	CoA	Microbe	-0.0003224461390883423	D-Glucose_e0	0	0.0003224461390883423	-1.0	0.017956785321664406	-0.017956785321664406
60	bc1016	Cu2+	Microbe	-0.00016122306954341776	D-Glucose_e0	0	0.00016122306954341776	-1.0	0.012697364669230295	-0.012697364669230295
61	bc1016	L-Asparagine	Microbe	-0.011538390130597808	D-Glucose_e0	0	0.011538390130597808	-1.0	0.10741689871988395	-0.10741689871988395
62	bc1016	L-Lysine	Microbe	-0.016399352713331032	D-Glucose_e0	0	0.016399352713331032	-1.0	0.12805995749386703	-0.12805995749386703
63	bc1016	L-Serine	Microbe	-0.012260983011364123	D-Glucose_e0	0	0.012260983011364123	-1.0	0.11072932317757624	-0.11072932317757624
64	bc1016	Citrate	Microbe	-0.0071847053298567266	D-Glucose_e0	0	0.0071847053298567266	-1.0	0.08476264112129073	-0.08476264112129073
65	bc1016	Thiamin	Microbe	-0.0001612230695437467	D-Glucose_e0	0	0.0001612230695437467	-1.0	0.012697364669243249	-0.012697364669243249
66	bc1016	S-Adenosyl-L-methionine	Microbe	-0.00016122306954397233	D-Glucose_e0	0	0.00016122306954397233	-1.0	0.012697364669252134	-0.012697364669252134
67	bc1016	Niacin	Microbe	0.00016122306954311625	D-Glucose_e0	0	0.00016122306954311625	1.0	0.012697364669218421	0.012697364669218421
68	bc1016	dATP	Microbe	-0.0012320474625535818	D-Glucose_e0	0	0.0012320474625535818	-1.0	0.03510053365055269	-0.03510053365055269
69	bc1016	L-Lactate	Microbe	0.9994146777715408	D-Glucose_e0	0	0.9994146777715408	1.0	0.9997072960479686	0.9997072960479686
70	bc1016	Mg	Microbe	-0.00016122306954460448	D-Glucose_e0	0	0.00016122306954460448	-1.0	0.012697364669277025	-0.012697364669277025
71	bc1016	Folate	Microbe	-0.0004836692086312178	D-Glucose_e0	0	0.0004836692086312178	-1.0	0.02199248072935879	-0.02199248072935879
72	bc1016	CO2	Microbe	0.029881167868069925	D-Glucose_e0	0	0.029881167868069925	1.0	0.1728617015653552	0.1728617015653552
73	bc1016	H2O	Microbe	0.3507205509429018	D-Glucose_e0	0	0.3507205509429018	1.0	0.592216641899653	0.592216641899653
74	bc1016	Heme	Microbe	-0.00016122306954333962	D-Glucose_e0	0	0.00016122306954333962	-1.0	0.012697364669227218	-0.012697364669227218
75	bc1016	meso-2,6-Diaminopimelate	Microbe	-0.0014369410659721262	D-Glucose_e0	0	0.0014369410659721262	-1.0	0.037907005499935316	-0.037907005499935316
76	bc1016	O2	Microbe	-0.022417038486068692	D-Glucose_e0	0	0.022417038486068692	-1.0	0.149723206237606	-0.149723206237606
77	bc1016	L-Tryptophan	Microbe	-0.0027119054408954596	D-Glucose_e0	0	0.0027119054408954596	-1.0	0.05207595837711928	-0.05207595837711928
78	bc1016	Chitobiose	Microbe	-0.002954493666715302	D-Glucose_e0	0	0.002954493666715302	-1.0	0.05435525426962238	-0.05435525426962238
79	bc1016	L-Threonine	Microbe	-0.01212682244324562	D-Glucose_e0	0	0.01212682244324562	-1.0	0.11012185270529015	-0.11012185270529015
80	O2	bc1010	Metabolite	-1.163596954979541	None	-1	1.163596954979541	-1.0	1.0787015133852094	-1.0787015133852094
81	D-Glucose	bc1010	Metabolite	2.327193909958926	None	-1	2.327193909958926	1.0	1.5255143099816946	1.5255143099816946
82	bc1010	L-Lysine	Microbe	0.3321348114777482	O2_e0	0	0.3321348114777482	1.0	0.5763113841299234	0.5763113841299234
83	bc1010	L-Lysine	Microbe	-0.6642696229554546	D-Glucose_e0	0	0.6642696229554546	-1.0	0.8150273755865226	-0.8150273755865226
84	bc1010	UMP	Microbe	0.10895696621786602	O2_e0	0	0.10895696621786602	1.0	0.3300863011666283	0.3300863011666283
85	bc1010	UMP	Microbe	-0.21791393243571588	D-Glucose_e0	0	0.21791393243571588	-1.0	0.4668125238633984	-0.4668125238633984
86	bc1010	K+	Microbe	0.003265238253267877	O2_e0	0	0.003265238253267877	1.0	0.057142263284436653	0.057142263284436653
87	bc1010	K+	Microbe	-0.006530476506538307	D-Glucose_e0	0	0.006530476506538307	-1.0	0.08081136372156027	-0.08081136372156027
88	bc1010	Cl-	Microbe	0.003265238253308045	O2_e0	0	0.003265238253308045	1.0	0.05714226328478812	0.05714226328478812
89	bc1010	Cl-	Microbe	-0.006530476506611514	D-Glucose_e0	0	0.006530476506611514	-1.0	0.08081136372201322	-0.08081136372201322
90	bc1010	TRHL	Microbe	0.06892180406691469	O2_e0	0	0.06892180406691469	1.0	0.26252962512241296	0.26252962512241296
91	bc1010	TRHL	Microbe	-0.1378436081338557	D-Glucose_e0	0	0.1378436081338557	-1.0	0.37127295637287633	-0.37127295637287633
92	bc1010	Nicotinamide ribonucleotide	Microbe	0.0032652382532707205	O2_e0	0	0.0032652382532707205	1.0	0.057142263284461536	0.057142263284461536
93	bc1010	Nicotinamide ribonucleotide	Microbe	-0.0065304765065458716	D-Glucose_e0	0	0.0065304765065458716	-1.0	0.08081136372160708	-0.08081136372160708
94	bc1010	L-Arginine	Microbe	0.2870556716984258	O2_e0	0	0.2870556716984258	1.0	0.535775766247808	0.535775766247808
95	bc1010	L-Arginine	Microbe	-0.5741113433968086	D-Glucose_e0	0	0.5741113433968086	-1.0	0.7577013550184588	-0.7577013550184588
96	bc1010	Mg	Microbe	0.00326523825332375	O2_e0	0	0.00326523825332375	1.0	0.05714226328492555	0.05714226328492555
97	bc1010	Mg	Microbe	-0.006530476506638145	D-Glucose_e0	0	0.006530476506638145	-1.0	0.080811363722178	-0.080811363722178
98	bc1010	CO2	Microbe	0.18512610440062516	O2_e0	0	0.18512610440062516	1.0	0.43026283176754315	0.43026283176754315
99	bc1010	CO2	Microbe	1.6297477911988334	D-Glucose_e0	0	1.6297477911988334	1.0	1.2766157570697745	1.2766157570697745
100	bc1010	Niacin	Microbe	-0.003265238253268188	O2_e0	0	0.003265238253268188	-1.0	0.057142263284439374	-0.057142263284439374
101	bc1010	Niacin	Microbe	0.00653047650654249	D-Glucose_e0	0	0.00653047650654249	1.0	0.08081136372158615	0.08081136372158615
102	bc1010	Myristic acid	Microbe	0.07900122591191462	O2_e0	0	0.07900122591191462	1.0	0.28107156724207205	0.28107156724207205
103	bc1010	Myristic acid	Microbe	-0.15800245182387238	D-Glucose_e0	0	0.15800245182387238	-1.0	0.3974952223912539	-0.3974952223912539
104	bc1010	Glycine	Microbe	0.5802219785657476	O2_e0	0	0.5802219785657476	1.0	0.7617230327131691	0.7617230327131691
105	bc1010	Glycine	Microbe	-1.1604439571314036	D-Glucose_e0	0	1.1604439571314036	-1.0	1.077239043634886	-1.077239043634886
106	bc1010	H2O	Microbe	-6.900606418159185	O2_e0	0	6.900606418159185	-1.0	2.6269005345005327	-2.6269005345005327
107	bc1010	H2O	Microbe	15.801212836317752	D-Glucose_e0	0	15.801212836317752	1.0	3.9750739409874822	3.9750739409874822
108	bc1010	NADP	Microbe	0.006530476506649638	O2_e0	0	0.006530476506649638	1.0	0.0808113637222491	0.0808113637222491
109	bc1010	NADP	Microbe	-0.013060953013269865	D-Glucose_e0	0	0.013060953013269865	-1.0	0.11428452656974113	-0.11428452656974113
110	bc1010	ddca	Microbe	0.09561230611951023	O2_e0	0	0.09561230611951023	1.0	0.30921239645187293	0.30921239645187293
111	bc1010	ddca	Microbe	-0.1912246122390109	D-Glucose_e0	0	0.1912246122390109	-1.0	0.43729236471611405	-0.43729236471611405
112	bc1010	Sulfate	Microbe	0.0032652382532866423	O2_e0	0	0.0032652382532866423	1.0	0.05714226328460085	0.05714226328460085
113	bc1010	Sulfate	Microbe	-0.006530476506573976	D-Glucose_e0	0	0.006530476506573976	-1.0	0.08081136372178097	-0.08081136372178097
114	bc1010	Deoxyguanosine	Microbe	0.0032652382532501706	O2_e0	0	0.0032652382532501706	1.0	0.05714226328428172	0.05714226328428172
115	bc1010	Deoxyguanosine	Microbe	-0.006530476506508834	D-Glucose_e0	0	0.006530476506508834	-1.0	0.08081136372137791	-0.08081136372137791
116	bc1010	NH3	Microbe	-0.003265238253267877	O2_e0	0	0.003265238253267877	-1.0	0.057142263284436653	-0.057142263284436653
117	bc1010	NH3	Microbe	0.006530476506538307	D-Glucose_e0	0	0.006530476506538307	1.0	0.08081136372156027	0.08081136372156027
118	bc1010	2-Oxoglutarate	Microbe	0.006530476506537098	O2_e0	0	0.006530476506537098	1.0	0.08081136372155279	0.08081136372155279
119	bc1010	2-Oxoglutarate	Microbe	-0.013060953013080146	D-Glucose_e0	0	0.013060953013080146	-1.0	0.1142845265689111	-0.1142845265689111
120	bc1010	Adenosine	Microbe	0.041417440670059084	O2_e0	0	0.041417440670059084	1.0	0.2035127530894786	0.2035127530894786
121	bc1010	Adenosine	Microbe	-0.08283488133998619	D-Glucose_e0	0	0.08283488133998619	-1.0	0.28781049553479837	-0.28781049553479837
122	bc1010	L-Asparagine	Microbe	0.2336861154078768	O2_e0	0	0.2336861154078768	1.0	0.48341091775825334	0.48341091775825334
123	bc1010	L-Asparagine	Microbe	-0.46737223081573004	D-Glucose_e0	0	0.46737223081573004	-1.0	0.6836462760929295	-0.6836462760929295
124	bc1010	Ca2+	Microbe	0.003265238253295986	O2_e0	0	0.003265238253295986	1.0	0.05714226328468261	0.05714226328468261
125	bc1010	Ca2+	Microbe	-0.006530476506591834	D-Glucose_e0	0	0.006530476506591834	-1.0	0.08081136372189145	-0.08081136372189145
126	bc1010	Chorismate	Microbe	0.006530476506545834	O2_e0	0	0.006530476506545834	1.0	0.08081136372160684	0.08081136372160684
127	bc1010	Chorismate	Microbe	-0.01306095301309407	D-Glucose_e0	0	0.01306095301309407	-1.0	0.114284526568972	-0.114284526568972
128	bc1010	Folate	Microbe	0.00979571475985131	O2_e0	0	0.00979571475985131	1.0	0.09897330326836278	0.09897330326836278
129	bc1010	Folate	Microbe	-0.019591429519708048	D-Glucose_e0	0	0.019591429519708048	-1.0	0.1399693877950034	-0.1399693877950034
130	bc1010	L-Leucine	Microbe	0.4368013199309902	O2_e0	0	0.4368013199309902	1.0	0.6609094642467985	0.6609094642467985
131	bc1010	L-Leucine	Microbe	-0.8736026398619176	D-Glucose_e0	0	0.8736026398619176	-1.0	0.9346671278385249	-0.9346671278385249
132	bc1010	Succinate	Microbe	-0.0032652382532445726	O2_e0	0	0.0032652382532445726	-1.0	0.05714226328423273	-0.05714226328423273
133	bc1010	Succinate	Microbe	0.00653047650637219	D-Glucose_e0	0	0.00653047650637219	1.0	0.08081136372053246	0.08081136372053246
134	bc1010	AMP	Microbe	0.08351747258935703	O2_e0	0	0.08351747258935703	1.0	0.2889938971489831	0.2889938971489831
135	bc1010	AMP	Microbe	-0.1670349451788574	D-Glucose_e0	0	0.1670349451788574	-1.0	0.4086990887913226	-0.4086990887913226
136	bc1010	L-Cysteine	Microbe	0.08860382646288935	O2_e0	0	0.08860382646288935	1.0	0.29766394888009085	0.29766394888009085
137	bc1010	L-Cysteine	Microbe	-0.1772076529257615	D-Glucose_e0	0	0.1772076529257615	-1.0	0.4209603935357357	-0.4209603935357357
138	bc1010	L-Threonine	Microbe	0.24560358914271258	O2_e0	0	0.24560358914271258	1.0	0.4955840888716188	0.4955840888716188
139	bc1010	L-Threonine	Microbe	-0.49120717828538707	D-Glucose_e0	0	0.49120717828538707	-1.0	0.7008617397785294	-0.7008617397785294
140	bc1010	CMP	Microbe	0.09786271107827109	O2_e0	0	0.09786271107827109	1.0	0.31283016331273283	0.31283016331273283
141	bc1010	CMP	Microbe	-0.1957254221565416	D-Glucose_e0	0	0.1957254221565416	-1.0	0.4424086596762563	-0.4424086596762563
142	bc1010	L-Aspartate	Microbe	0.2336861154079346	O2_e0	0	0.2336861154079346	1.0	0.48341091775831313	0.48341091775831313
143	bc1010	L-Aspartate	Microbe	-0.46737223081583407	D-Glucose_e0	0	0.46737223081583407	-1.0	0.6836462760930057	-0.6836462760930057
144	bc1010	L-Glutamate	Microbe	0.16435830344870214	O2_e0	0	0.16435830344870214	1.0	0.4054112769135833	0.4054112769135833
145	bc1010	L-Glutamate	Microbe	-0.32871660689735677	D-Glucose_e0	0	0.32871660689735677	-1.0	0.5733381261501426	-0.5733381261501426
146	bc1010	fe3	Microbe	0.009795714759912475	O2_e0	0	0.009795714759912475	1.0	0.09897330326867178	0.09897330326867178
147	bc1010	fe3	Microbe	-0.019591429519821183	D-Glucose_e0	0	0.019591429519821183	-1.0	0.13996938779540755	-0.13996938779540755
148	bc1010	L-Serine	Microbe	0.25158597091858487	O2_e0	0	0.25158597091858487	1.0	0.5015834635617336	0.5015834635617336
149	bc1010	L-Serine	Microbe	-0.5031719418371357	D-Glucose_e0	0	0.5031719418371357	-1.0	0.7093461368310506	-0.7093461368310506
150	bc1010	BET	Microbe	0.006530476506562701	O2_e0	0	0.006530476506562701	1.0	0.0808113637217112	0.0808113637217112
151	bc1010	BET	Microbe	-0.013060953013127208	D-Glucose_e0	0	0.013060953013127208	-1.0	0.11428452656911699	-0.11428452656911699
152	bc1010	Deoxycytidine	Microbe	0.024615142893917374	O2_e0	0	0.024615142893917374	1.0	0.1568921377696071	0.1568921377696071
153	bc1010	Deoxycytidine	Microbe	-0.04923028578783241	D-Glucose_e0	0	0.04923028578783241	-1.0	0.2218789890634812	-0.2218789890634812
154	bc1010	BIOT	Microbe	0.0032652382532986812	O2_e0	0	0.0032652382532986812	1.0	0.057142263284706195	0.057142263284706195
155	bc1010	BIOT	Microbe	-0.006530476506595038	D-Glucose_e0	0	0.006530476506595038	-1.0	0.08081136372191128	-0.08081136372191128
156	bc1010	Glycerol	Microbe	0.07248125707506578	O2_e0	0	0.07248125707506578	1.0	0.2692234333691363	0.2692234333691363
157	bc1010	Glycerol	Microbe	-0.14496251415012695	D-Glucose_e0	0	0.14496251415012695	-1.0	0.3807394307792758	-0.3807394307792758
158	bc1010	TTP	Microbe	0.012661889641294551	O2_e0	0	0.012661889641294551	1.0	0.11252506228078503	0.11252506228078503
159	bc1010	TTP	Microbe	-0.025323779282569566	D-Glucose_e0	0	0.025323779282569566	-1.0	0.15913446918430202	-0.15913446918430202
160	bc1010	4-Hydroxybenzoate	Microbe	0.003265238253213997	O2_e0	0	0.003265238253213997	1.0	0.0571422632839652	0.0571422632839652
161	bc1010	4-Hydroxybenzoate	Microbe	-0.006530476506446298	D-Glucose_e0	0	0.006530476506446298	-1.0	0.08081136372099099	-0.08081136372099099
162	bc1010	5-Aminolevulinate	Microbe	0.026121906026200434	O2_e0	0	0.026121906026200434	1.0	0.16162272744326658	0.16162272744326658
163	bc1010	5-Aminolevulinate	Microbe	-0.052243812052418646	D-Glucose_e0	0	0.052243812052418646	-1.0	0.22856905313803672	-0.22856905313803672
164	bc1010	Spermidine	Microbe	0.0032652382534316773	O2_e0	0	0.0032652382534316773	1.0	0.05714226328586992	0.05714226328586992
165	bc1010	Spermidine	Microbe	-0.006530476506829403	D-Glucose_e0	0	0.006530476506829403	-1.0	0.08081136372336135	-0.08081136372336135
166	bc1010	L-Phenylalanine	Microbe	0.17979840808548306	O2_e0	0	0.17979840808548306	1.0	0.4240264238057377	0.4240264238057377
167	bc1010	L-Phenylalanine	Microbe	-0.3595968161709346	D-Glucose_e0	0	0.3595968161709346	-1.0	0.5996639193506097	-0.5996639193506097
168	bc1010	L-Isoleucine	Microbe	0.281356010346964	O2_e0	0	0.281356010346964	1.0	0.530430023987108	0.530430023987108
169	bc1010	L-Isoleucine	Microbe	-0.5627120206938953	D-Glucose_e0	0	0.5627120206938953	-1.0	0.7501413338124325	-0.7501413338124325
170	bc1010	CoA	Microbe	0.0065304765064909545	O2_e0	0	0.0065304765064909545	1.0	0.08081136372126729	0.08081136372126729
171	bc1010	CoA	Microbe	-0.013060953012994467	D-Glucose_e0	0	0.013060953012994467	-1.0	0.11428452656853624	-0.11428452656853624
172	bc1010	O2	Microbe	-1.0000000000000218	O2_e0	1	1.0000000000000218	-1.0	1.0000000000000109	-1.0000000000000109
173	bc1010	S-Adenosyl-L-methionine	Microbe	0.009795714759837626	O2_e0	0	0.009795714759837626	1.0	0.09897330326829365	0.09897330326829365
174	bc1010	S-Adenosyl-L-methionine	Microbe	-0.019591429519677555	D-Glucose_e0	0	0.019591429519677555	-1.0	0.13996938779489448	-0.13996938779489448
175	bc1010	D-Glucose	Microbe	-1.000000000000018	D-Glucose_e0	1	1.000000000000018	-1.0	1.0000000000000089	-1.0000000000000089
176	bc1010	Fumarate	Microbe	0.0032652382532300656	O2_e0	0	0.0032652382532300656	1.0	0.0571422632841058	0.0571422632841058
177	bc1010	Fumarate	Microbe	-0.006530476506481795	D-Glucose_e0	0	0.006530476506481795	-1.0	0.08081136372121062	-0.08081136372121062
178	bc1010	Acetate	Microbe	1.9596348311293368	O2_e0	0	1.9596348311293368	1.0	1.3998695764710858	1.3998695764710858
179	bc1010	Acetate	Microbe	-1.9192696622587644	D-Glucose_e0	0	1.9192696622587644	-1.0	1.3853770830567267	-1.3853770830567267
180	bc1010	Zn2+	Microbe	0.0032652382532882547	O2_e0	0	0.0032652382532882547	1.0	0.057142263284614955	0.057142263284614955
181	bc1010	Zn2+	Microbe	-0.006530476506579242	D-Glucose_e0	0	0.006530476506579242	-1.0	0.08081136372181355	-0.08081136372181355
182	bc1010	Oxidized glutathione	Microbe	0.0016326191266215317	O2_e0	0	0.0016326191266215317	1.0	0.04040568186061871	0.04040568186061871
183	bc1010	Oxidized glutathione	Microbe	-0.003265238253246755	D-Glucose_e0	0	0.003265238253246755	-1.0	0.05714226328425183	-0.05714226328425183
184	bc1010	dATP	Microbe	0.012661889641217908	O2_e0	0	0.012661889641217908	1.0	0.11252506228044447	0.11252506228044447
185	bc1010	dATP	Microbe	-0.025323779282433685	D-Glucose_e0	0	0.025323779282433685	-1.0	0.15913446918387508	-0.15913446918387508
186	bc1010	L-Histidine	Microbe	0.09223088368650506	O2_e0	0	0.09223088368650506	1.0	0.3036953797582457	0.3036953797582457
187	bc1010	L-Histidine	Microbe	-0.18446176737299583	D-Glucose_e0	0	0.18446176737299583	-1.0	0.4294901248841419	-0.4294901248841419
188	bc1010	Ala-Ala	Microbe	0.02910225533866977	O2_e0	0	0.02910225533866977	1.0	0.17059383147895404	0.17059383147895404
189	bc1010	Ala-Ala	Microbe	-0.05820451067732666	D-Glucose_e0	0	0.05820451067732666	-1.0	0.24125611013470033	-0.24125611013470033
190	bc1010	L-Valine	Microbe	0.4098574662697464	O2_e0	0	0.4098574662697464	1.0	0.6402011139241687	0.6402011139241687
191	bc1010	L-Valine	Microbe	-0.8197149325394368	D-Glucose_e0	0	0.8197149325394368	-1.0	0.9053810979578913	-0.9053810979578913
192	bc1010	Heme	Microbe	0.003265238253292151	O2_e0	0	0.003265238253292151	1.0	0.05714226328464905	0.05714226328464905
193	bc1010	Heme	Microbe	-0.006530476506579841	D-Glucose_e0	0	0.006530476506579841	-1.0	0.08081136372181724	-0.08081136372181724
194	bc1010	L-Tyrosine	Microbe	0.14041892965758176	O2_e0	0	0.14041892965758176	1.0	0.3747251388118787	0.3747251388118787
195	bc1010	L-Tyrosine	Microbe	-0.2808378593151345	D-Glucose_e0	0	0.2808378593151345	-1.0	0.5299413734698721	-0.5299413734698721
196	bc1010	Riboflavin	Microbe	0.009795714759874303	O2_e0	0	0.009795714759874303	1.0	0.09897330326847893	0.09897330326847893
197	bc1010	Riboflavin	Microbe	-0.01959142951974699	D-Glucose_e0	0	0.01959142951974699	-1.0	0.1399693877951425	-0.1399693877951425
198	bc1010	H+	Microbe	2.642814315450017	O2_e0	0	2.642814315450017	1.0	1.6256734959548358	1.6256734959548358
199	bc1010	H+	Microbe	-3.285628630900259	D-Glucose_e0	0	3.285628630900259	-1.0	1.8126303072883503	-1.8126303072883503
200	bc1010	GTP	Microbe	0.15755896483610543	O2_e0	0	0.15755896483610543	1.0	0.3969369784186218	0.3969369784186218
201	bc1010	GTP	Microbe	-0.3151179296721905	D-Glucose_e0	0	0.3151179296721905	-1.0	0.5613536582869934	-0.5613536582869934
202	bc1010	Pyridoxal	Microbe	0.003265238253287977	O2_e0	0	0.003265238253287977	1.0	0.05714226328461253	0.05714226328461253
203	bc1010	Pyridoxal	Microbe	-0.006530476506579122	D-Glucose_e0	0	0.006530476506579122	-1.0	0.0808113637218128	-0.0808113637218128
204	bc1010	L-Alanine	Microbe	0.5270453970393155	O2_e0	0	0.5270453970393155	1.0	0.7259789232748535	0.7259789232748535
205	bc1010	L-Alanine	Microbe	-1.0540907940785504	D-Glucose_e0	0	1.0540907940785504	-1.0	1.026689239292275	-1.026689239292275
206	bc1010	Mn2+	Microbe	0.0032652382533082005	O2_e0	0	0.0032652382533082005	1.0	0.05714226328478949	0.05714226328478949
207	bc1010	Mn2+	Microbe	-0.006530476506613731	D-Glucose_e0	0	0.006530476506613731	-1.0	0.08081136372202694	-0.08081136372202694
208	bc1010	L-Methionine	Microbe	0.14217886966215343	O2_e0	0	0.14217886966215343	1.0	0.3770661343347522	0.3770661343347522
209	bc1010	L-Methionine	Microbe	-0.28435773932427644	D-Glucose_e0	0	0.28435773932427644	-1.0	0.5332520410877735	-0.5332520410877735
210	bc1010	L-Tryptophan	Microbe	0.05492400938635517	O2_e0	0	0.05492400938635517	1.0	0.23435871945877151	0.23435871945877151
211	bc1010	L-Tryptophan	Microbe	-0.10984801877270342	D-Glucose_e0	0	0.10984801877270342	-1.0	0.3314332795189756	-0.3314332795189756
212	bc1010	D-Arabinose	Microbe	0.08730676601565678	O2_e0	0	0.08730676601565678	1.0	0.29547718357879477	0.29547718357879477
213	bc1010	D-Arabinose	Microbe	-0.17461353203133792	D-Glucose_e0	0	0.17461353203133792	-1.0	0.41786784038896546	-0.41786784038896546
214	bc1010	Cu2+	Microbe	0.0032652382533131844	O2_e0	0	0.0032652382533131844	1.0	0.05714226328483309	0.05714226328483309
215	bc1010	Cu2+	Microbe	-0.006530476506623244	D-Glucose_e0	0	0.006530476506623244	-1.0	0.08081136372208579	-0.08081136372208579
216	bc1010	dGTP	Microbe	0.021349904640655913	O2_e0	0	0.021349904640655913	1.0	0.14611606564870241	0.14611606564870241
217	bc1010	dGTP	Microbe	-0.04269980928130538	D-Glucose_e0	0	0.04269980928130538	-1.0	0.20663932172097685	-0.20663932172097685
218	bc1010	Thiamin	Microbe	0.003265238253287516	O2_e0	0	0.003265238253287516	1.0	0.057142263284608495	0.057142263284608495
219	bc1010	Thiamin	Microbe	-0.006530476506573479	D-Glucose_e0	0	0.006530476506573479	-1.0	0.08081136372177788	-0.08081136372177788
220	bc1010	Putrescine	Microbe	0.0032652382532679237	O2_e0	0	0.0032652382532679237	1.0	0.05714226328443706	0.05714226328443706
221	bc1010	Putrescine	Microbe	-0.006530476506538876	D-Glucose_e0	0	0.006530476506538876	-1.0	0.08081136372156379	-0.08081136372156379
222	bc1010	L-Glutamine	Microbe	0.37460456732539515	O2_e0	0	0.37460456732539515	1.0	0.6120494811086724	0.6120494811086724
223	bc1010	L-Glutamine	Microbe	-0.7492091346507548	D-Glucose_e0	0	0.7492091346507548	-1.0	0.8655686770272795	-0.8655686770272795
224	bc1010	meso-2,6-Diaminopimelate	Microbe	0.029102255338645112	O2_e0	0	0.029102255338645112	1.0	0.17059383147888177	0.17059383147888177
225	bc1010	meso-2,6-Diaminopimelate	Microbe	-0.05820451067728097	D-Glucose_e0	0	0.05820451067728097	-1.0	0.24125611013460566	-0.24125611013460566
226	bc1010	L-Proline	Microbe	0.21451452722590175	O2_e0	0	0.21451452722590175	1.0	0.46315713016847937	0.46315713016847937
227	bc1010	L-Proline	Microbe	-0.42902905445176964	D-Glucose_e0	0	0.42902905445176964	-1.0	0.6550030949940386	-0.6550030949940386
228	bc1010	1,2-Diacyl-sn-glycerol dioctadecanoyl	Microbe	0.1449625141501798	O2_e0	0	0.1449625141501798	1.0	0.3807394307793452	0.3807394307793452
229	bc1010	1,2-Diacyl-sn-glycerol dioctadecanoyl	Microbe	-0.28992502830033706	D-Glucose_e0	0	0.28992502830033706	-1.0	0.5384468667383413	-0.5384468667383413
230	bc1010	Co2+	Microbe	0.003265238253277481	O2_e0	0	0.003265238253277481	1.0	0.05714226328452069	0.05714226328452069
231	bc1010	Co2+	Microbe	-0.006530476506557703	D-Glucose_e0	0	0.006530476506557703	-1.0	0.08081136372168028	-0.08081136372168028
232	bc1010	Nitrite	Microbe	-0.013060953013105954	O2_e0	0	0.013060953013105954	-1.0	0.114284526569024	-0.114284526569024
233	bc1010	Nitrite	Microbe	0.026121906026197444	D-Glucose_e0	0	0.026121906026197444	1.0	0.1616227274432573	0.1616227274432573
234	O2	bc1001	Metabolite	0.1523613679485789	None	-1	0.1523613679485789	1.0	0.390334943284071	0.390334943284071
235	bc1001	5-Aminolevulinate	Microbe	-0.003420401985849328	O2_e0	0	0.003420401985849328	-1.0	0.05848420287436025	-0.05848420287436025
236	bc1001	AMP	Microbe	-0.01181653456354351	O2_e0	0	0.01181653456354351	-1.0	0.10870388476748892	-0.10870388476748892
237	bc1001	Spermidine	Microbe	-0.0004275502482366923	O2_e0	0	0.0004275502482366923	-1.0	0.020677288222508586	-0.020677288222508586
238	bc1001	TRHL	Microbe	-0.009024619997689949	O2_e0	0	0.009024619997689949	-1.0	0.09499799996678851	-0.09499799996678851
239	bc1001	L-Proline	Microbe	-0.028088528998919487	O2_e0	0	0.028088528998919487	-1.0	0.16759632752217302	-0.16759632752217302
240	bc1001	ddca	Microbe	-0.011362362432943146	O2_e0	0	0.011362362432943146	-1.0	0.10659438274572983	-0.10659438274572983
241	bc1001	CoA	Microbe	-0.0008551004964765887	O2_e0	0	0.0008551004964765887	-1.0	0.029242101437423895	-0.029242101437423895
242	bc1001	Heme	Microbe	-0.0004275502482361686	O2_e0	0	0.0004275502482361686	-1.0	0.020677288222495923	-0.020677288222495923
243	bc1001	CO2	Microbe	1.1044735886227475	O2_e0	0	1.1044735886227475	1.0	1.050939383895545	1.050939383895545
244	bc1001	L-Methionine	Microbe	-0.018616899075226893	O2_e0	0	0.018616899075226893	-1.0	0.13644375791961644	-0.13644375791961644
245	bc1001	L-Alanine	Microbe	-0.06901131643584076	O2_e0	0	0.06901131643584076	-1.0	0.26270005031564186	-0.26270005031564186
246	bc1001	Sulfate	Microbe	-0.0004275502482353914	O2_e0	0	0.0004275502482353914	-1.0	0.02067728822247713	-0.02067728822247713
247	bc1001	L-Phenylalanine	Microbe	-0.023542800875893576	O2_e0	0	0.023542800875893576	-1.0	0.15343663472552302	-0.15343663472552302
248	bc1001	4-Hydroxybenzoate	Microbe	-0.00042755024823928336	O2_e0	0	0.00042755024823928336	-1.0	0.02067728822257124	-0.02067728822257124
249	bc1001	NADP	Microbe	-0.0008551004964613371	O2_e0	0	0.0008551004964613371	-1.0	0.029242101437163114	-0.029242101437163114
250	bc1001	fe3	Microbe	-0.0012826507447264016	O2_e0	0	0.0012826507447264016	-1.0	0.03581411376435834	-0.03581411376435834
251	bc1001	Myristic acid	Microbe	-0.011501530849753326	O2_e0	0	0.011501530849753326	-1.0	0.10724519033389482	-0.10724519033389482
252	bc1001	Deoxycytidine	Microbe	-0.0035162881768564715	O2_e0	0	0.0035162881768564715	-1.0	0.05929829826273661	-0.05929829826273661
253	bc1001	Ca2+	Microbe	-0.0004275502482353936	O2_e0	0	0.0004275502482353936	-1.0	0.020677288222477185	-0.020677288222477185
254	bc1001	D-Arabinose	Microbe	-0.011431946641344282	O2_e0	0	0.011431946641344282	-1.0	0.10692028171186364	-0.10692028171186364
255	bc1001	Pyridoxal	Microbe	-0.0004275502482370468	O2_e0	0	0.0004275502482370468	-1.0	0.02067728822251716	-0.02067728822251716
256	bc1001	BET	Microbe	-0.0008551004964792141	O2_e0	0	0.0008551004964792141	-1.0	0.029242101437468786	-0.029242101437468786
257	bc1001	Chorismate	Microbe	-0.0008551004964822244	O2_e0	0	0.0008551004964822244	-1.0	0.02924210143752026	-0.02924210143752026
258	bc1001	TTP	Microbe	-0.001364462721009687	O2_e0	0	0.001364462721009687	-1.0	0.036938634530930985	-0.036938634530930985
259	bc1001	L-Isoleucine	Microbe	-0.03684075180290938	O2_e0	0	0.03684075180290938	-1.0	0.19193944827186876	-0.19193944827186876
260	bc1001	H+	Microbe	0.7833684410655245	O2_e0	0	0.7833684410655245	1.0	0.8850810364398982	0.8850810364398982
261	bc1001	Cl-	Microbe	-0.00042755024823390913	O2_e0	0	0.00042755024823390913	-1.0	0.020677288222441286	-0.020677288222441286
262	bc1001	L-Tryptophan	Microbe	-0.007191748970735577	O2_e0	0	0.007191748970735577	-1.0	0.08480418014895007	-0.08480418014895007
263	bc1001	Cu2+	Microbe	-0.00042755024823509455	O2_e0	0	0.00042755024823509455	-1.0	0.02067728822246995	-0.02067728822246995
264	bc1001	K+	Microbe	-0.00042755024823795467	O2_e0	0	0.00042755024823795467	-1.0	0.02067728822253911	-0.02067728822253911
265	bc1001	dATP	Microbe	-0.001364462721004886	O2_e0	0	0.001364462721004886	-1.0	0.036938634530866	-0.036938634530866
266	bc1001	L-Glutamate	Microbe	-0.03890142056776602	O2_e0	0	0.03890142056776602	-1.0	0.1972344304825251	-0.1972344304825251
267	bc1001	L-Cysteine	Microbe	-0.011601783716939103	O2_e0	0	0.011601783716939103	-1.0	0.10771157652239198	-0.10771157652239198
268	bc1001	Formate	Microbe	-0.00042755024823842896	O2_e0	0	0.00042755024823842896	-1.0	0.02067728822255058	-0.02067728822255058
269	bc1001	Nitrite	Microbe	0.0021377512411104673	O2_e0	0	0.0021377512411104673	1.0	0.046235822055095625	0.046235822055095625
270	bc1001	L-Leucine	Microbe	-0.05719475832385457	O2_e0	0	0.05719475832385457	-1.0	0.23915425633647955	-0.23915425633647955
271	bc1001	Folate	Microbe	-0.0012826507447029547	O2_e0	0	0.0012826507447029547	-1.0	0.035814113764031	-0.035814113764031
272	bc1001	L-Histidine	Microbe	-0.012076710535761228	O2_e0	0	0.012076710535761228	-1.0	0.10989408781077001	-0.10989408781077001
273	bc1001	S-Adenosyl-L-methionine	Microbe	-0.0012826507447161763	O2_e0	0	0.0012826507447161763	-1.0	0.03581411376421559	-0.03581411376421559
274	bc1001	L-Threonine	Microbe	-0.032159330303095035	O2_e0	0	0.032159330303095035	-1.0	0.1793302269643772	-0.1793302269643772
275	bc1001	L-Glutamine	Microbe	-0.032525470197850126	O2_e0	0	0.032525470197850126	-1.0	0.18034819155691617	-0.18034819155691617
276	bc1001	Adenosine	Microbe	-0.0045424411173155595	O2_e0	0	0.0045424411173155595	-1.0	0.06739763435993551	-0.06739763435993551
277	bc1001	Riboflavin	Microbe	-0.001282650744711323	O2_e0	0	0.001282650744711323	-1.0	0.03581411376414783	-0.03581411376414783
278	bc1001	L-Aspartate	Microbe	-0.030598856469821547	O2_e0	0	0.030598856469821547	-1.0	0.17492528825136047	-0.17492528825136047
279	bc1001	H2O	Microbe	2.0183187484056977	O2_e0	0	2.0183187484056977	1.0	1.4206754549881186	1.4206754549881186
280	bc1001	1,2-Diacyl-sn-glycerol dioctadecanoyl	Microbe	-0.018981389443022606	O2_e0	0	0.018981389443022606	-1.0	0.1377729633963885	-0.1377729633963885
281	bc1001	Thiamin	Microbe	-0.0004275502482385666	O2_e0	0	0.0004275502482385666	-1.0	0.020677288222553908	-0.020677288222553908
282	bc1001	BIOT	Microbe	-0.00042755024823746727	O2_e0	0	0.00042755024823746727	-1.0	0.020677288222527325	-0.020677288222527325
283	bc1001	L-Lysine	Microbe	-0.04348972726642104	O2_e0	0	0.04348972726642104	-1.0	0.2085419076982395	-0.2085419076982395
284	bc1001	Putrescine	Microbe	-0.0004275502482381751	O2_e0	0	0.0004275502482381751	-1.0	0.020677288222544443	-0.020677288222544443
285	bc1001	meso-2,6-Diaminopimelate	Microbe	-0.0038106488804339374	O2_e0	0	0.0038106488804339374	-1.0	0.061730453428060425	-0.061730453428060425
286	bc1001	dGTP	Microbe	-0.0030887379286183027	O2_e0	0	0.0030887379286183027	-1.0	0.05557641521921239	-0.05557641521921239
287	bc1001	Deoxyguanosine	Microbe	-0.00042755024823657546	O2_e0	0	0.00042755024823657546	-1.0	0.020677288222505762	-0.020677288222505762
288	bc1001	GTP	Microbe	-0.020630768508165868	O2_e0	0	0.020630768508165868	-1.0	0.1436341481269892	-0.1436341481269892
289	bc1001	Oxidized glutathione	Microbe	-0.00021377512411040325	O2_e0	0	0.00021377512411040325	-1.0	0.01462105071841293	-0.01462105071841293
290	bc1001	L-Valine	Microbe	-0.05366673052689175	O2_e0	0	0.05366673052689175	-1.0	0.2316608092166039	-0.2316608092166039
291	bc1001	Mg	Microbe	-0.000427550248235873	O2_e0	0	0.000427550248235873	-1.0	0.020677288222488776	-0.020677288222488776
292	bc1001	Niacin	Microbe	0.00042755024822987357	O2_e0	0	0.00042755024822987357	1.0	0.0206772882223437	0.0206772882223437
293	bc1001	CMP	Microbe	-0.012814141930543707	O2_e0	0	0.012814141930543707	-1.0	0.11319956683019466	-0.11319956683019466
294	bc1001	L-Serine	Microbe	-0.032515113035465545	O2_e0	0	0.032515113035465545	-1.0	0.1803194749201138	-0.1803194749201138
295	bc1001	Nicotinamide ribonucleotide	Microbe	-0.0004275502482176352	O2_e0	0	0.0004275502482176352	-1.0	0.020677288222047764	-0.020677288222047764
296	bc1001	O2	Microbe	-0.9999999999999996	O2_e0	1	0.9999999999999996	-1.0	0.9999999999999998	-0.9999999999999998
297	bc1001	L-Asparagine	Microbe	-0.030598856469820565	O2_e0	0	0.030598856469820565	-1.0	0.17492528825135767	-0.17492528825135767
298	bc1001	N-Acetyl-D-glucosamine	Microbe	-0.01567014577001474	O2_e0	0	0.01567014577001474	-1.0	0.12518045282716764	-0.12518045282716764
299	bc1001	Co2+	Microbe	-0.0004275502482358986	O2_e0	0	0.0004275502482358986	-1.0	0.020677288222489393	-0.020677288222489393
300	bc1001	D-Glucose	Microbe	-0.5486868532173556	O2_e0	0	0.5486868532173556	-1.0	0.7407339962613809	-0.7407339962613809
301	bc1001	Zn2+	Microbe	-0.0004275502482345031	O2_e0	0	0.0004275502482345031	-1.0	0.02067728822245565	-0.02067728822245565
302	bc1001	L-Tyrosine	Microbe	-0.01838645255725516	O2_e0	0	0.01838645255725516	-1.0	0.13559665393089596	-0.13559665393089596
303	bc1001	Glycerol	Microbe	-0.009490694721512368	O2_e0	0	0.009490694721512368	-1.0	0.09742019668175778	-0.09742019668175778
304	bc1001	Acetate	Microbe	0.8889466996587707	O2_e0	0	0.8889466996587707	1.0	0.9428396998741465	0.9428396998741465
305	bc1001	Glycine	Microbe	-0.07640180747689031	O2_e0	0	0.07640180747689031	-1.0	0.27640876881331083	-0.27640876881331083
306	bc1001	L-Arginine	Microbe	-0.037587065375346625	O2_e0	0	0.037587065375346625	-1.0	0.19387383881108514	-0.19387383881108514
307	bc1001	UMP	Microbe	-0.014266823533210427	O2_e0	0	0.014266823533210427	-1.0	0.11944380910373893	-0.11944380910373893
308	bc1001	Ala-Ala	Microbe	-0.0038106488804391676	O2_e0	0	0.0038106488804391676	-1.0	0.061730453428102794	-0.061730453428102794
309	bc1001	Mn2+	Microbe	-0.00042755024823868786	O2_e0	0	0.00042755024823868786	-1.0	0.020677288222556843	-0.020677288222556843
310	O2	bc1015	Metabolite	0.15324853629752633	None	-1	0.15324853629752633	1.0	0.3914697131292871	0.3914697131292871
311	bc1015	O2	Microbe	-1.0	O2_e0	1	1.0	-1.0	1.0	-1.0
312	bc1015	Mg	Microbe	-0.0004300397838237578	O2_e0	0	0.0004300397838237578	-1.0	0.02073740060431292	-0.02073740060431292
313	bc1015	NH3	Microbe	0.0021501989191229083	O2_e0	0	0.0021501989191229083	1.0	0.04637023742793332	0.04637023742793332
314	bc1015	AMP	Microbe	-0.016454230572098705	O2_e0	0	0.016454230572098705	-1.0	0.1282740448107048	-0.1282740448107048
315	bc1015	L-Asparagine	Microbe	-0.03077702720522029	O2_e0	0	0.03077702720522029	-1.0	0.17543382571562502	-0.17543382571562502
316	bc1015	4-Hydroxybenzoate	Microbe	-0.0004300397838117923	O2_e0	0	0.0004300397838117923	-1.0	0.020737400604024417	-0.020737400604024417
317	bc1015	N-Acetyl-D-glucosamine	Microbe	-0.01576138974831096	O2_e0	0	0.01576138974831096	-1.0	0.12554437362267956	-0.12554437362267956
318	bc1015	ddca	Microbe	-0.010012133511630047	O2_e0	0	0.010012133511630047	-1.0	0.10006064916654323	-0.10006064916654323
319	bc1015	L-Isoleucine	Microbe	-0.03705526778810123	O2_e0	0	0.03705526778810123	-1.0	0.1924974487833572	-0.1924974487833572
320	bc1015	CoA	Microbe	-0.0008600795676485535	O2_e0	0	0.0008600795676485535	-1.0	0.029327113183001043	-0.029327113183001043
321	bc1015	L-Glutamine	Microbe	-0.03271485920168494	O2_e0	0	0.03271485920168494	-1.0	0.180872494320405	-0.180872494320405
322	bc1015	BET	Microbe	-0.0008600795676383293	O2_e0	0	0.0008600795676383293	-1.0	0.029327113182826728	-0.029327113182826728
323	bc1015	Glycine	Microbe	-0.07684667920723608	O2_e0	0	0.07684667920723608	-1.0	0.27721233595790085	-0.27721233595790085
324	bc1015	dGTP	Microbe	-0.0018104299737457083	O2_e0	0	0.0018104299737457083	-1.0	0.04254914774405838	-0.04254914774405838
325	bc1015	fe3	Microbe	-0.0012901193514718255	O2_e0	0	0.0012901193514718255	-1.0	0.0359182314635872	-0.0359182314635872
326	bc1015	Arsenate	Microbe	0.00021501989191357153	O2_e0	0	0.00021501989191357153	1.0	0.014663556591549389	0.014663556591549389
327	bc1015	meso-2,6-Diaminopimelate	Microbe	-0.0038328374911225167	O2_e0	0	0.0038328374911225167	-1.0	0.061909914320103177	-0.061909914320103177
328	bc1015	Deoxycytidine	Microbe	-0.0022404697575750814	O2_e0	0	0.0022404697575750814	-1.0	0.04733360072480311	-0.04733360072480311
329	bc1015	D-Glucose	Microbe	-0.5498210459980584	O2_e0	0	0.5498210459980584	-1.0	0.7414991881304108	-0.7414991881304108
330	bc1015	Heme	Microbe	-0.00043003978382413283	O2_e0	0	0.00043003978382413283	-1.0	0.02073740060432196	-0.02073740060432196
331	bc1015	Nicotinamide ribonucleotide	Microbe	-0.0004300397838242411	O2_e0	0	0.0004300397838242411	-1.0	0.020737400604324573	-0.020737400604324573
332	bc1015	Mn2+	Microbe	-0.00043003978382575604	O2_e0	0	0.00043003978382575604	-1.0	0.0207374006043611	-0.0207374006043611
333	bc1015	Co2+	Microbe	-0.0004300397838240047	O2_e0	0	0.0004300397838240047	-1.0	0.020737400604318872	-0.020737400604318872
334	bc1015	L-Glutamate	Microbe	-0.03912793539575096	O2_e0	0	0.03912793539575096	-1.0	0.19780782440477668	-0.19780782440477668
335	bc1015	L-Serine	Microbe	-0.032704441731679995	O2_e0	0	0.032704441731679995	-1.0	0.18084369419938312	-0.18084369419938312
336	bc1015	Ala-Ala	Microbe	-0.003832837491122543	O2_e0	0	0.003832837491122543	-1.0	0.06190991432010339	-0.06190991432010339
337	bc1015	Thiamin	Microbe	-0.0004300397838266751	O2_e0	0	0.0004300397838266751	-1.0	0.02073740060438326	-0.02073740060438326
338	bc1015	Spermidine	Microbe	-0.00043003978382583514	O2_e0	0	0.00043003978382583514	-1.0	0.020737400604363004	-0.020737400604363004
339	bc1015	L-Proline	Microbe	-0.028252082622971516	O2_e0	0	0.028252082622971516	-1.0	0.1680835584552264	-0.1680835584552264
340	bc1015	PPi	Microbe	0.004231566005145316	O2_e0	0	0.004231566005145316	1.0	0.06505048812380515	0.06505048812380515
341	bc1015	Zn2+	Microbe	-0.00043003978382584744	O2_e0	0	0.00043003978382584744	-1.0	0.020737400604363302	-0.020737400604363302
342	bc1015	dATP	Microbe	-0.002670041261522829	O2_e0	0	0.002670041261522829	-1.0	0.05167244199302786	-0.05167244199302786
343	bc1015	K+	Microbe	-0.00043003978382567646	O2_e0	0	0.00043003978382567646	-1.0	0.02073740060435918	-0.02073740060435918
344	bc1015	Chorismate	Microbe	-0.0008600795676508609	O2_e0	0	0.0008600795676508609	-1.0	0.02932711318304038	-0.02932711318304038
345	bc1015	L-Cysteine	Microbe	-0.011669338474704164	O2_e0	0	0.011669338474704164	-1.0	0.1080247123333553	-0.1080247123333553
346	bc1015	L-Leucine	Microbe	-0.05752779142793817	O2_e0	0	0.05752779142793817	-1.0	0.23984951829832424	-0.23984951829832424
347	bc1015	CMP	Microbe	-0.012888755996375095	O2_e0	0	0.012888755996375095	-1.0	0.11352865715921727	-0.11352865715921727
348	bc1015	Putrescine	Microbe	-0.00043003978382564123	O2_e0	0	0.00043003978382564123	-1.0	0.02073740060435833	-0.02073740060435833
349	bc1015	L-Valine	Microbe	-0.05397922066369908	O2_e0	0	0.05397922066369908	-1.0	0.23233428645746432	-0.23233428645746432
350	bc1015	Cu2+	Microbe	-0.0004300397838239506	O2_e0	0	0.0004300397838239506	-1.0	0.020737400604317568	-0.020737400604317568
351	bc1015	L-Methionine	Microbe	-0.018725301381137982	O2_e0	0	0.018725301381137982	-1.0	0.13684042305232025	-0.13684042305232025
352	bc1015	Niacin	Microbe	0.00043003978382496425	O2_e0	0	0.00043003978382496425	1.0	0.020737400604342007	0.020737400604342007
353	bc1015	1,2-Diacyl-sn-glycerol dioctadecanoyl	Microbe	-0.019091914100024986	O2_e0	0	0.019091914100024986	-1.0	0.13817349275467053	-0.13817349275467053
354	bc1015	5-Aminolevulinate	Microbe	-0.0034403182705973084	O2_e0	0	0.0034403182705973084	-1.0	0.05865422636602846	-0.05865422636602846
355	bc1015	Glycerol	Microbe	-0.009545957050011893	O2_e0	0	0.009545957050011893	-1.0	0.09770341370705475	-0.09770341370705475
356	bc1015	L-Aspartate	Microbe	-0.030777027205217453	O2_e0	0	0.030777027205217453	-1.0	0.17543382571561691	-0.17543382571561691
357	bc1015	H+	Microbe	0.7807994454782075	O2_e0	0	0.7807994454782075	1.0	0.883628567599649	0.883628567599649
358	bc1015	Ca2+	Microbe	-0.0004300397838245362	O2_e0	0	0.0004300397838245362	-1.0	0.02073740060433169	-0.02073740060433169
359	bc1015	BIOT	Microbe	-0.00043003978382483913	O2_e0	0	0.00043003978382483913	-1.0	0.02073740060433899	-0.02073740060433899
360	bc1015	Formate	Microbe	-0.0004300397838248277	O2_e0	0	0.0004300397838248277	-1.0	0.020737400604338714	-0.020737400604338714
361	bc1015	CO2	Microbe	1.1067833153116753	O2_e0	0	1.1067833153116753	1.0	1.0520376967160803	1.0520376967160803
362	bc1015	L-Tryptophan	Microbe	-0.007233625019410791	O2_e0	0	0.007233625019410791	-1.0	0.0850507202756731	-0.0850507202756731
363	bc1015	TTP	Microbe	-0.0026700412615186827	O2_e0	0	0.0026700412615186827	-1.0	0.05167244199298774	-0.05167244199298774
364	bc1015	Arsenite	Microbe	-0.00021501989191276998	O2_e0	0	0.00021501989191276998	-1.0	0.014663556591522058	-0.014663556591522058
365	bc1015	Sulfate	Microbe	-0.0004300397838266395	O2_e0	0	0.0004300397838266395	-1.0	0.020737400604382398	-0.020737400604382398
366	bc1015	Oxidized glutathione	Microbe	-0.00021501989191231738	O2_e0	0	0.00021501989191231738	-1.0	0.014663556591506624	-0.014663556591506624
367	bc1015	L-Threonine	Microbe	-0.03234658735093933	O2_e0	0	0.03234658735093933	-1.0	0.1798515703321473	-0.1798515703321473
368	bc1015	L-Histidine	Microbe	-0.012147030692968859	O2_e0	0	0.012147030692968859	-1.0	0.11021356855201114	-0.11021356855201114
369	bc1015	Cl-	Microbe	-0.0004300397838256223	O2_e0	0	0.0004300397838256223	-1.0	0.020737400604357872	-0.020737400604357872
370	bc1015	Pyridoxal	Microbe	-0.00043003978382489866	O2_e0	0	0.00043003978382489866	-1.0	0.020737400604340425	-0.020737400604340425
371	bc1015	S-Adenosyl-L-methionine	Microbe	-0.0012901193514664798	O2_e0	0	0.0012901193514664798	-1.0	0.035918231463512786	-0.035918231463512786
372	bc1015	Folate	Microbe	-0.0012901193514675555	O2_e0	0	0.0012901193514675555	-1.0	0.03591823146352776	-0.03591823146352776
373	bc1015	L-Phenylalanine	Microbe	-0.023679885676742753	O2_e0	0	0.023679885676742753	-1.0	0.15388270103147642	-0.15388270103147642
374	bc1015	Deoxyguanosine	Microbe	-0.00043003978382804203	O2_e0	0	0.00043003978382804203	-1.0	0.020737400604416215	-0.020737400604416215
375	bc1015	Myristic acid	Microbe	-0.0129848914350911	O2_e0	0	0.0129848914350911	-1.0	0.11395126780817799	-0.11395126780817799
376	bc1015	TRHL	Microbe	-0.009077168470639434	O2_e0	0	0.009077168470639434	-1.0	0.0952741752556244	-0.0952741752556244
377	bc1015	D-Arabinose	Microbe	-0.011498512473358454	O2_e0	0	0.011498512473358454	-1.0	0.10723111709461229	-0.10723111709461229
378	bc1015	UMP	Microbe	-0.01434989625991365	O2_e0	0	0.01434989625991365	-1.0	0.11979105250357244	-0.11979105250357244
379	bc1015	NADP	Microbe	-0.000860079567645548	O2_e0	0	0.000860079567645548	-1.0	0.0293271131829498	-0.0293271131829498
380	bc1015	L-Alanine	Microbe	-0.06941315488405905	O2_e0	0	0.06941315488405905	-1.0	0.2634637638918473	-0.2634637638918473
381	bc1015	Acetate	Microbe	0.8914178479731331	O2_e0	0	0.8914178479731331	1.0	0.9441492720820861	0.9441492720820861
382	bc1015	Riboflavin	Microbe	-0.0012901193522732207	O2_e0	0	0.0012901193522732207	-1.0	0.03591823147474303	-0.03591823147474303
383	bc1015	GTP	Microbe	-0.02075089715417181	O2_e0	0	0.02075089715417181	-1.0	0.14405171694281124	-0.14405171694281124
384	bc1015	L-Tyrosine	Microbe	-0.018493513021318117	O2_e0	0	0.018493513021318117	-1.0	0.13599085638864886	-0.13599085638864886
385	bc1015	L-Lysine	Microbe	-0.04374295884378097	O2_e0	0	0.04374295884378097	-1.0	0.2091481743735311	-0.2091481743735311
386	bc1015	L-Arginine	Microbe	-0.037805926988227066	O2_e0	0	0.037805926988227066	-1.0	0.1944374629237562	-0.1944374629237562
387	bc1015	H2O	Microbe	2.0195705202845673	O2_e0	0	2.0195705202845673	1.0	1.4211159418867159	1.4211159418867159
