	0.0	0.010167811202556087	0.020335622405112174	0.03050343360766826	0.04067124481022435	0.05083905601278044	0.06100686721533652	0.07117467841789261	0.0813424896204487	0.09151030082300478	0.10167811202556087	0.11184592322811696	0.12201373443067304	0.13218154563322912	0.14234935683578523	0.1525171680383413	0.1626849792408974	0.17285279044345347	0.18302060164600956	0.19318841284856567	0.20335622405112175	0.21352403525367783	0.2236918464562339	0.23385965765879	0.24402746886134608	0.2541952800639022	0.26436309126645824	0.27453090246901435	0.28469871367157046	0.2948665248741265	0.3050343360766826	0.3152021472792387	0.3253699584817948	0.3355377696843509	0.34570558088690695	0.35587339208946306	0.3660412032920191	0.3762090144945752	0.38637682569713133	0.3965446368996874	0.4067124481022435	0.41688025930479955	0.42704807050735566	0.43721588170991177	0.4473836929124678	0.45755150411502393	0.46771931531758	0.4778871265201361	0.48805493772269215	0.49822274892524826	0.5083905601278044	0.5185583713303604	0.5287261825329165	0.5388939937354726	0.5490618049380287	0.5592296161405848	0.5693974273431409	0.579565238545697	0.589733049748253	0.5999008609508092	0.6100686721533652	0.6202364833559213	0.6304042945584774	0.6405721057610335	0.6507399169635896	0.6609077281661456	0.6609194349221101	0.6613083195535928	0.6613083707603374	0.6714576578869729	0.6816069450136083	0.6917562321402437	0.7019055192668792	0.7120548063935146	0.7222040935201499	0.7323533806467855	0.7425026677734208	0.7526519549000562	0.7628012420266916	0.7729505291533271	0.7830998162799625	0.7932491034065979	0.8033983905332334	0.8135476776598688	0.8236969647865042	0.8338462519131397	0.8439955390397751	0.8541448261664104	0.864294113293046	0.8744434004196813	0.8845926875463167	0.8947419746729521	0.9048912617995876	0.915040548926223	0.9251898360528584	0.9353391231794939	0.9454884103061293	0.9556376974327647	0.9657869845594	0.9759362716860356	0.9860855588126709	0.9962348459393064	1.0063841330659418	1.0165334201925773	1.0266827073192126	1.0368319944458482	1.0469812815724835	1.0571305686991188	1.0672798558257544	1.07742914295239	1.0875784300790252	1.0977277172056605	1.107877004332296	1.1180262914589314	1.128175578585567	1.1383248657122023	1.1484741528388378	1.1586234399654731	1.1687727270921084	1.178922014218744	1.1890713013453795	1.1992205884720148	1.2093698755986502	1.2195191627252857	1.2296684498519213	1.2398177369785566	1.249967024105192	1.2601163112318274	1.2702655983584628	1.280414885485098	1.2905641726117336	1.3007134597383692	1.3108627468650045	1.3210120339916398	1.3311613211182753	1.3413106082449109	1.3514598953715462	1.361754182746601	1.3720484701216558	1.3823427574967107	1.3926370448717655	1.4029313322468202	1.413225619621875	1.42351990699693	1.4338141943719849	1.4441084817470395	1.4544027691220944	1.4646970564971493	1.474991343872204	1.4852856312472589	1.4955799186223138	1.5058742059973684	1.5161684933724233	1.5264627807474782	1.536757068122533	1.5470513554975878	1.5573456428726427	1.5676399302476975	1.5779342176227522	1.588228504997807	1.598522792372862	1.6088170797479169	1.6191113671229715	1.6294056544980264	1.639699941873081	1.649994229248136	1.6602885166231909	1.6705828039982458	1.6808770913733004	1.6911713787483553	1.7014656661234102	1.7117599534984649	1.7220542408735198	1.7323485282485747	1.7426428156236295	1.7529371029986842	1.763231390373739	1.7735256777487938	1.7838199651238487	1.7941142524989036	1.8044085398739584	1.814702827249013	1.824997114624068	1.8352914019991229	1.8455856893741776	1.8558799767492324	1.8661742641242873	1.8764685514993422	1.8867628388743969	1.8970571262494518	1.9073514136245064	1.9176457009995613	1.9279399883746162	1.938234275749671	1.948528563124726	1.9588228504997807	1.9691171378748353	1.9794114252498902	1.989705712624945	2.0
1,2-Diacyl-sn-glycerol dioctadecanoyl_e0	100.0	99.995046	99.9892983	99.9825562	99.9747845	99.9657586	99.9551912	99.9427949	99.9282826	99.9112438	99.8914467	99.8683417	99.841331	99.8098172	99.7732027	99.7310241	99.6821224	99.6260255	99.5622904	99.4904744	99.4102738	99.3222794	99.2245718	99.1187421	99.0063813	98.8890803	98.7684304	98.6460223	98.5233763	98.4034233	98.2875163	98.1768172	98.0724882	97.9753276	97.8862654	97.8051727	97.7315163	97.6647624	97.6043777	97.5498287	97.500643	97.4560177	97.4152477	97.3778859	97.3434848	97.3115971	97.2817756	97.2537347	97.2270027	97.201354	97.1766701	97.1528322	97.1297218	97.1072202	97.0852087	97.0635689	97.0421973	97.0210564	97.0001067	96.9793298	96.9587071	96.93822	96.91785	96.8975786	96.8773873	96.8572578	96.8572346	96.8564884	96.8564883	96.839849	96.8269855	96.8170338	96.8093081	96.8033914	96.7988667	96.7953771	96.7926684	96.7905931	96.7890134	96.7878005	96.7868603	96.7861373	96.7855872	96.7851666	96.7848419	96.7845908	96.7843994	96.7842537	96.7841415	96.7840545	96.783988	96.7839374	96.7838987	96.7838686	96.7838455	96.7838279	96.7838145	96.7838041	96.7837961	96.78379	96.7837854	96.7837818	96.783779	96.7837769	96.7837753	96.783774	96.7837731	96.7837724	96.7837718	96.7837714	96.783771	96.7837708	96.7837706	96.7837704	96.7837703	96.7837702	96.7837702	96.7837701	96.7837701	96.78377	96.78377	96.78377	96.78377	96.78377	96.78377	96.78377	96.78377	96.78377	96.78377	96.7837699	96.7837699	96.7837699	96.7837699	96.7837699	96.7837699	96.7837699	96.7837699	96.7837699	96.7837699	96.7837699	96.7837699	96.7837699	96.7837699	96.7837699	96.7837699	96.7837699	96.7837699	96.7837699	96.7837699	96.7837699	96.7837699	96.7837699	96.7837699	96.7837699	96.7837699	96.7837699	96.7837699	96.7837699	96.7837699	96.7837699	96.7837699	96.7837699	96.7837699	96.7837699	96.7837699	96.7837699	96.7837699	96.7837699	96.7837699	96.7837699	96.7837699	96.7837699	96.7837699	96.7837699	96.7837699	96.7837699	96.7837699	96.7837699	96.7837699	96.7837699	96.7837699	96.7837699	96.7837699	96.7837699	96.7837699	96.7837699	96.7837699	96.7837699	96.7837699	96.7837699	96.7837699	96.7837699	96.7837699	96.7837699	96.7837699	96.7837699	96.7837699	96.7837699	96.7837699	96.7837699
2-Oxoglutarate_e0	100.0	99.9999663	99.9999306	99.9998929	99.9998531	99.9998111	99.9997667	99.9997199	99.9996707	99.9996189	99.9995644	99.9995073	99.9994474	99.9993848	99.9993196	99.9992518	99.9991814	99.9991086	99.9990337	99.998957	99.9988788	99.9987994	99.9987194	99.9986393	99.9985597	99.998481	99.9984037	99.9983284	99.9982555	99.9981853	99.9981182	99.9980542	99.9979933	99.9979356	99.9978811	99.9978296	99.9977809	99.9977349	99.9976914	99.9976502	99.9976112	99.9975741	99.9975389	99.9975055	99.9974737	99.9974434	99.9974147	99.9973873	99.9973613	99.9973366	99.9973132	99.9972911	99.9972702	99.9972506	99.9972322	99.997215	99.997199	99.9971843	99.9971707	99.9971583	99.9971472	99.9971372	99.9971285	99.9971209	99.9971145	99.9971093	99.9971093	99.9971092	99.9971092	99.9971052	99.9971021	99.9970997	99.9970979	99.9970965	99.9970954	99.9970946	99.9970939	99.9970934	99.997093	99.9970928	99.9970925	99.9970924	99.9970922	99.9970921	99.9970921	99.997092	99.997092	99.9970919	99.9970919	99.9970919	99.9970919	99.9970918	99.9970918	99.9970918	99.9970918	99.9970918	99.9970918	99.9970918	99.9970918	99.9970918	99.9970918	99.9970918	99.9970918	99.9970918	99.9970918	99.9970918	99.9970918	99.9970918	99.9970918	99.9970918	99.9970918	99.9970918	99.9970918	99.9970918	99.9970918	99.9970918	99.9970918	99.9970918	99.9970918	99.9970918	99.9970918	99.9970918	99.9970918	99.9970918	99.9970918	99.9970918	99.9970918	99.9970918	99.9970918	99.9970918	99.9970918	99.9970918	99.9970918	99.9970918	99.9970918	99.9970918	99.9970918	99.9970918	99.9970918	99.9970918	99.9970918	99.9970918	99.9970918	99.9970918	99.9970918	99.9970918	99.9970918	99.9970918	99.9970918	99.9970918	99.9970918	99.9970918	99.9970918	99.9970918	99.9970918	99.9970918	99.9970918	99.9970918	99.9970918	99.9970918	99.9970918	99.9970918	99.9970918	99.9970918	99.9970918	99.9970918	99.9970918	99.9970918	99.9970918	99.9970918	99.9970918	99.9970918	99.9970918	99.9970918	99.9970918	99.9970918	99.9970918	99.9970918	99.9970918	99.9970918	99.9970918	99.9970918	99.9970918	99.9970918	99.9970918	99.9970918	99.9970918	99.9970918	99.9970918	99.9970918	99.9970918	99.9970918	99.9970918	99.9970918	99.9970918	99.9970918	99.9970918	99.9970918	99.9970918	99.9970918
4-Hydroxybenzoate_e0	100.0	99.9998884	99.9997589	99.9996071	99.999432	99.9992287	99.9989907	99.9987115	99.9983846	99.9980008	99.9975549	99.9970344	99.996426	99.9957162	99.9948915	99.9939414	99.9928399	99.9915763	99.9901407	99.9885231	99.9867166	99.9847345	99.9825337	99.9801499	99.977619	99.9749769	99.9722593	99.969502	99.9667395	99.9640376	99.9614268	99.9589333	99.9565834	99.9543948	99.9523887	99.9505622	99.9489031	99.9473995	99.9460393	99.9448106	99.9437027	99.9426975	99.9417792	99.9409376	99.9401628	99.9394445	99.9387728	99.9381412	99.937539	99.9369613	99.9364053	99.9358684	99.9353478	99.934841	99.9343452	99.9338577	99.9333764	99.9329002	99.9324283	99.9319603	99.9314958	99.9310343	99.9305755	99.9301189	99.9296641	99.9292107	99.9292101	99.9291933	99.9291933	99.9288185	99.9285288	99.9283046	99.9281306	99.9279973	99.9278954	99.9278168	99.9277558	99.927709	99.9276735	99.9276461	99.927625	99.9276087	99.9275963	99.9275868	99.9275795	99.9275738	99.9275695	99.9275663	99.9275637	99.9275618	99.9275603	99.9275591	99.9275583	99.9275576	99.9275571	99.9275567	99.9275564	99.9275561	99.9275559	99.9275558	99.9275557	99.9275556	99.9275556	99.9275555	99.9275555	99.9275555	99.9275554	99.9275554	99.9275554	99.9275554	99.9275554	99.9275554	99.9275554	99.9275554	99.9275554	99.9275554	99.9275554	99.9275554	99.9275554	99.9275554	99.9275554	99.9275554	99.9275554	99.9275554	99.9275554	99.9275554	99.9275554	99.9275554	99.9275554	99.9275554	99.9275554	99.9275554	99.9275554	99.9275554	99.9275554	99.9275554	99.9275554	99.9275554	99.9275554	99.9275554	99.9275554	99.9275554	99.9275554	99.9275554	99.9275554	99.9275554	99.9275554	99.9275554	99.9275554	99.9275554	99.9275554	99.9275554	99.9275554	99.9275554	99.9275554	99.9275554	99.9275554	99.9275554	99.9275554	99.9275554	99.9275554	99.9275554	99.9275554	99.9275554	99.9275554	99.9275554	99.9275554	99.9275554	99.9275554	99.9275554	99.9275554	99.9275554	99.9275554	99.9275554	99.9275554	99.9275554	99.9275554	99.9275554	99.9275554	99.9275554	99.9275554	99.9275554	99.9275554	99.9275554	99.9275554	99.9275554	99.9275554	99.9275554	99.9275554	99.9275554	99.9275554	99.9275554	99.9275554	99.9275554	99.9275554	99.9275554	99.9275554	99.9275554	99.9275554	99.9275554
5-Aminolevulinate_e0	100.0	99.9991073	99.9980716	99.9968567	99.9954562	99.9938298	99.9919256	99.9896918	99.9870767	99.9840063	99.980439	99.9762755	99.9714082	99.9657295	99.9591317	99.9515312	99.9427192	99.9326107	99.9211258	99.9081847	99.8937327	99.8778763	99.8602697	99.8411994	99.8209522	99.7998149	99.778074	99.7560164	99.7339159	99.7123006	99.6914144	99.6714667	99.6526669	99.6351588	99.61911	99.6044973	99.5912245	99.5791956	99.5683145	99.5584849	99.5496217	99.5415803	99.5342337	99.5275012	99.5213022	99.5155561	99.5101823	99.5051294	99.5003124	99.4956905	99.4912425	99.486947	99.4827826	99.4787278	99.4747614	99.470862	99.4670109	99.4632013	99.4594262	99.4556823	99.4519661	99.4482744	99.4446038	99.4409509	99.4373125	99.4336852	99.433681	99.4335466	99.4335465	99.4305482	99.4282302	99.4264369	99.4250448	99.4239786	99.4231633	99.4225344	99.4220463	99.4216724	99.4213877	99.4211692	99.4209997	99.4208695	99.4207703	99.4206945	99.420636	99.4205908	99.4205563	99.42053	99.4205098	99.4204942	99.4204822	99.420473	99.4204661	99.4204606	99.4204565	99.4204533	99.4204509	99.420449	99.4204476	99.4204465	99.4204456	99.420445	99.4204445	99.4204441	99.4204438	99.4204436	99.4204434	99.4204433	99.4204432	99.4204431	99.4204431	99.420443	99.420443	99.420443	99.4204429	99.4204429	99.4204429	99.4204429	99.4204429	99.4204429	99.4204429	99.4204429	99.4204429	99.4204429	99.4204429	99.4204429	99.4204429	99.4204429	99.4204429	99.4204429	99.4204429	99.4204429	99.4204429	99.4204429	99.4204429	99.4204429	99.4204429	99.4204429	99.4204429	99.4204429	99.4204429	99.4204429	99.4204429	99.4204429	99.4204429	99.4204429	99.4204429	99.4204429	99.4204429	99.4204429	99.4204429	99.4204429	99.4204429	99.4204429	99.4204429	99.4204429	99.4204429	99.4204429	99.4204429	99.4204429	99.4204429	99.4204429	99.4204429	99.4204429	99.4204429	99.4204429	99.4204429	99.4204429	99.4204429	99.4204429	99.4204429	99.4204429	99.4204429	99.4204429	99.4204429	99.4204429	99.4204429	99.4204429	99.4204429	99.4204429	99.4204429	99.4204429	99.4204429	99.4204429	99.4204429	99.4204429	99.4204429	99.4204429	99.4204429	99.4204429	99.4204429	99.4204429	99.4204429	99.4204429	99.4204429	99.4204429	99.4204429	99.4204429	99.4204429	99.4204429
AMP_e0	100.0	99.9962881	99.9919904	99.9869598	99.9811703	99.9744573	99.9666102	99.9574185	99.9466715	99.9340686	99.9194399	99.9023827	99.8824594	99.8592322	99.8322634	99.8012138	99.7652344	99.7239796	99.6771253	99.6243475	99.5654243	99.5007889	99.4290354	99.3513303	99.2688399	99.1827308	99.0941694	99.004322	98.9143032	98.8262614	98.7411882	98.6599357	98.5833555	98.512033	98.4466498	98.3871117	98.3330274	98.284006	98.2396563	98.1995873	98.1634527	98.1306639	98.1007042	98.0732456	98.0479602	98.0245201	98.0025975	97.9819829	97.9623307	97.9434755	97.9253304	97.9078084	97.8908226	97.8742861	97.8581118	97.8422129	97.8265136	97.8109865	97.7956025	97.7803483	97.7652101	97.7501744	97.7352276	97.7203561	97.7055463	97.690785	97.6907679	97.6902227	97.6902226	97.6781185	97.6687615	97.6615228	97.6559033	97.6515997	97.6483087	97.6457705	97.6438004	97.6422909	97.641142	97.6402599	97.639576	97.6390501	97.6386501	97.6383442	97.638108	97.6379254	97.6377862	97.6376802	97.6375986	97.6375353	97.637487	97.6374502	97.637422	97.6374001	97.6373833	97.6373705	97.6373608	97.6373532	97.6373474	97.6373429	97.6373396	97.637337	97.637335	97.6373334	97.6373322	97.6373313	97.6373306	97.6373301	97.6373297	97.6373294	97.6373291	97.6373289	97.6373288	97.6373287	97.6373286	97.6373286	97.6373285	97.6373285	97.6373284	97.6373284	97.6373284	97.6373284	97.6373284	97.6373284	97.6373284	97.6373284	97.6373284	97.6373284	97.6373283	97.6373283	97.6373283	97.6373283	97.6373283	97.6373283	97.6373283	97.6373283	97.6373283	97.6373283	97.6373283	97.6373283	97.6373283	97.6373283	97.6373283	97.6373283	97.6373283	97.6373283	97.6373283	97.6373283	97.6373283	97.6373283	97.6373283	97.6373283	97.6373283	97.6373283	97.6373283	97.6373283	97.6373283	97.6373283	97.6373283	97.6373283	97.6373283	97.6373283	97.6373283	97.6373283	97.6373283	97.6373283	97.6373283	97.6373283	97.6373283	97.6373283	97.6373283	97.6373283	97.6373283	97.6373283	97.6373283	97.6373283	97.6373283	97.6373283	97.6373283	97.6373283	97.6373283	97.6373283	97.6373283	97.6373283	97.6373283	97.6373283	97.6373283	97.6373283	97.6373283	97.6373283	97.6373283	97.6373283	97.6373283	97.6373283	97.6373283	97.6373283	97.6373283	97.6373283	97.6373283	97.6373283
ARSENOBETAINE_e0	100.0	100.0	100.0	100.0	100.0	100.0	100.0	100.0	100.0	100.0	100.0	100.0	100.0	100.0	100.0	100.0	100.0	100.0	100.0	100.0	100.0	100.0	100.0	100.0	100.0	100.0	100.0	100.0	100.0	100.0	100.0	100.0	100.0	100.0	100.0	100.0	100.0	100.0	100.0	100.0	100.0	100.0	100.0	100.0	100.0	100.0	100.0	100.0	100.0	100.0	100.0	100.0	100.0	100.0	100.0	100.0	100.0	100.0	100.0	100.0	100.0	100.0	100.0	100.0	100.0	100.0	100.0	100.0	100.0	100.0	100.0	100.0	100.0	100.0	100.0	100.0	100.0	100.0	100.0	100.0	100.0	100.0	100.0	100.0	100.0	100.0	100.0	100.0	100.0	100.0	100.0	100.0	100.0	100.0	100.0	100.0	100.0	100.0	100.0	100.0	100.0	100.0	100.0	100.0	100.0	100.0	100.0	100.0	100.0	100.0	100.0	100.0	100.0	100.0	100.0	100.0	100.0	100.0	100.0	100.0	100.0	100.0	100.0	100.0	100.0	100.0	100.0	100.0	100.0	100.0	100.0	100.0	100.0	100.0	100.0	100.0	100.0	100.0	100.0	100.0	100.0	100.0	100.0	100.0	100.0	100.0	100.0	100.0	100.0	100.0	100.0	100.0	100.0	100.0	100.0	100.0	100.0	100.0	100.0	100.0	100.0	100.0	100.0	100.0	100.0	100.0	100.0	100.0	100.0	100.0	100.0	100.0	100.0	100.0	100.0	100.0	100.0	100.0	100.0	100.0	100.0	100.0	100.0	100.0	100.0	100.0	100.0	100.0	100.0	100.0	100.0	100.0	100.0	100.0	100.0	100.0	100.0	100.0	100.0	100.0
Acetate_e0	100.0	100.3532146	100.7505343	101.2016742	101.7086558	102.2823239	102.9364298	103.6847248	104.5409598	105.5244851	106.6466942	107.9333536	109.4123929	111.1117421	113.0593308	115.2763898	117.8174451	120.7035949	123.9545133	127.5898742	131.6228491	136.0246507	140.8828946	146.1213314	151.6637116	157.4337858	163.3553044	169.3520181	175.3513766	181.214514	186.8776593	192.2861375	197.3852738	202.1375102	206.4995927	210.4781	214.0985948	217.3866397	220.3677971	223.0676297	225.5087667	227.7294505	229.7632043	231.6312703	233.3548908	234.9553078	236.4537638	237.8638249	239.2078335	240.4964674	241.7353293	242.9300219	244.0861482	245.2093108	246.3051126	247.3791563	248.4363296	249.4783828	250.5071362	251.5234666	252.5282509	253.5223661	254.5066891	255.4820968	256.4494661	257.4096605	257.410762	257.447341	257.4473459	258.292144	258.9451905	259.4503795	259.8425545	260.1428893	260.3725578	260.5496832	260.6871707	260.7925062	260.8726849	260.9342442	260.9819648	261.0186622	261.0465806	261.0679289	261.0844116	261.0971527	261.1068657	261.1142642	261.1199581	261.124371	261.1277477	261.1303143	261.1322829	261.1338081	261.1349807	261.1358725	261.1365541	261.13708	261.1374867	261.1377967	261.1380327	261.1382135	261.1383546	261.1384635	261.138546	261.1386082	261.1386559	261.1386927	261.1387217	261.1387442	261.1387613	261.138774	261.1387835	261.1387909	261.1387964	261.138801	261.1388046	261.1388074	261.1388096	261.1388111	261.1388123	261.1388131	261.1388137	261.1388142	261.1388145	261.1388148	261.1388151	261.1388153	261.1388155	261.1388156	261.1388157	261.1388158	261.1388159	261.1388159	261.1388159	261.138816	261.138816	261.138816	261.138816	261.138816	261.138816	261.138816	261.138816	261.138816	261.138816	261.138816	261.138816	261.138816	261.138816	261.138816	261.138816	261.138816	261.138816	261.138816	261.138816	261.138816	261.138816	261.138816	261.138816	261.138816	261.138816	261.138816	261.138816	261.138816	261.138816	261.138816	261.138816	261.138816	261.138816	261.138816	261.138816	261.138816	261.138816	261.138816	261.138816	261.138816	261.138816	261.138816	261.138816	261.138816	261.138816	261.138816	261.138816	261.138816	261.138816	261.138816	261.138816	261.138816	261.138816	261.138816	261.138816	261.138816	261.138816	261.138816	261.138816	261.138816	261.138816	261.138816	261.138816	261.138816
Adenine_e0	100.0	100.0	100.0	100.0	100.0	100.0	100.0	100.0	100.0	100.0	100.0	100.0	100.0	100.0	100.0	100.0	100.0	100.0	100.0	100.0	100.0	100.0	100.0	100.0	100.0	100.0	100.0	100.0	100.0	100.0	100.0	100.0	100.0	100.0	100.0	100.0	100.0	100.0	100.0	100.0	100.0	100.0	100.0	100.0	100.0	100.0	100.0	100.0	100.0	100.0	100.0	100.0	100.0	100.0	100.0	100.0	100.0	100.0	100.0	100.0	100.0	100.0	100.0	100.0	100.0	100.0	100.0	100.0	100.0	100.0	100.0	100.0	100.0	100.0	100.0	100.0	100.0	100.0	100.0	100.0	100.0	100.0	100.0	100.0	100.0	100.0	100.0	100.0	100.0	100.0	100.0	100.0	100.0	100.0	100.0	100.0	100.0	100.0	100.0	100.0	100.0	100.0	100.0	100.0	100.0	100.0	100.0	100.0	100.0	100.0	100.0	100.0	100.0	100.0	100.0	100.0	100.0	100.0	100.0	100.0	100.0	100.0	100.0	100.0	100.0	100.0	100.0	100.0	100.0	100.0	100.0	100.0	100.0	100.0	100.0	100.0	100.0	100.0	100.0	100.0	100.0	100.0	100.0	100.0	100.0	100.0	100.0	100.0	100.0	100.0	100.0	100.0	100.0	100.0	100.0	100.0	100.0	100.0	100.0	100.0	100.0	100.0	100.0	100.0	100.0	100.0	100.0	100.0	100.0	100.0	100.0	100.0	100.0	100.0	100.0	100.0	100.0	100.0	100.0	100.0	100.0	100.0	100.0	100.0	100.0	100.0	100.0	100.0	100.0	100.0	100.0	100.0	100.0	100.0	100.0	100.0	100.0	100.0	100.0	100.0
Adenosine_e0	100.0	99.9994983	99.9989073	99.9982034	99.9973827	99.9964189	99.9952781	99.9939266	99.9923306	99.9904418	99.9882329	99.9856391	99.98259	99.979015	99.9748436	99.9700211	99.9644107	99.9579567	99.9506064	99.9423073	99.9330234	99.9228236	99.9114818	99.8991847	99.8861188	99.8724709	99.8584275	99.8441752	99.8298924	99.8159232	99.8024262	99.789538	99.7773947	99.7660901	99.7557333	99.746309	99.7377547	99.7300078	99.7230055	99.7166854	99.7109919	99.7058307	99.7011192	99.6968049	99.6928353	99.6891578	99.6857199	99.6824882	99.6794073	99.6764506	99.6736043	99.6708543	99.6681868	99.6655878	99.6630434	99.6605396	99.6580644	99.6556132	99.6531814	99.6507668	99.6483673	99.6459807	99.6436048	99.6412375	99.6388765	99.6365197	99.636517	99.6364274	99.6364274	99.6343713	99.6327814	99.6315511	99.6305959	99.6298642	99.6293046	99.6288731	99.628538	99.6282813	99.6280859	99.6279359	99.6278196	99.6277302	99.6276621	99.6276101	99.6275699	99.6275389	99.6275152	99.6274972	99.6274833	99.6274725	99.6274643	99.6274581	99.6274533	99.6274495	99.6274467	99.6274445	99.6274428	99.6274416	99.6274406	99.6274398	99.6274392	99.6274388	99.6274385	99.6274382	99.627438	99.6274378	99.6274377	99.6274376	99.6274376	99.6274375	99.6274375	99.6274374	99.6274374	99.6274374	99.6274374	99.6274374	99.6274374	99.6274374	99.6274374	99.6274373	99.6274373	99.6274373	99.6274373	99.6274373	99.6274373	99.6274373	99.6274373	99.6274373	99.6274373	99.6274373	99.6274373	99.6274373	99.6274373	99.6274373	99.6274373	99.6274373	99.6274373	99.6274373	99.6274373	99.6274373	99.6274373	99.6274373	99.6274373	99.6274373	99.6274373	99.6274373	99.6274373	99.6274373	99.6274373	99.6274373	99.6274373	99.6274373	99.6274373	99.6274373	99.6274373	99.6274373	99.6274373	99.6274373	99.6274373	99.6274373	99.6274373	99.6274373	99.6274373	99.6274373	99.6274373	99.6274373	99.6274373	99.6274373	99.6274373	99.6274373	99.6274373	99.6274373	99.6274373	99.6274373	99.6274373	99.6274373	99.6274373	99.6274373	99.6274373	99.6274373	99.6274373	99.6274373	99.6274373	99.6274373	99.6274373	99.6274373	99.6274373	99.6274373	99.6274373	99.6274373	99.6274373	99.6274373	99.6274373	99.6274373	99.6274373	99.6274373	99.6274373	99.6274373	99.6274373	99.6274373
Ala-Ala_e0	100.0	99.9991557	99.9981608	99.9969752	99.9955924	99.9939678	99.992044	99.9897638	99.9870698	99.9838799	99.9801483	99.9757645	99.9706087	99.9645608	99.9575009	99.9493353	99.9398319	99.9288945	99.916433	99.9023572	99.8866048	99.8692931	99.8500341	99.8291448	99.8069425	99.7837443	99.7598672	99.7356286	99.7113317	99.6875627	99.6645926	99.6426545	99.621981	99.6027323	99.5850954	99.569045	99.5544748	99.5412786	99.5293499	99.5185824	99.5088819	99.5000881	99.4920601	99.4847085	99.477944	99.4716771	99.4658184	99.4603108	99.45506	99.4500209	99.4451698	99.4404828	99.4359362	99.4315063	99.4271693	99.4229015	99.4186822	99.4145039	99.4103585	99.4062425	99.4021521	99.3980835	99.3940331	99.3899972	99.3859721	99.3819541	99.3819494	99.3818004	99.3818004	99.3784777	99.375909	99.3739217	99.3723789	99.3711974	99.3702938	99.3695969	99.369056	99.3686416	99.3683261	99.3680839	99.3678961	99.3677517	99.3676419	99.3675579	99.367493	99.3674429	99.3674047	99.3673756	99.3673532	99.3673358	99.3673225	99.3673124	99.3673047	99.3672987	99.3672941	99.3672905	99.3672879	99.3672858	99.3672842	99.367283	99.367282	99.3672813	99.3672808	99.3672803	99.36728	99.3672798	99.3672796	99.3672794	99.3672793	99.3672792	99.3672792	99.3672791	99.3672791	99.3672791	99.367279	99.367279	99.367279	99.367279	99.367279	99.367279	99.367279	99.367279	99.367279	99.367279	99.367279	99.367279	99.367279	99.367279	99.367279	99.367279	99.367279	99.367279	99.367279	99.367279	99.367279	99.367279	99.367279	99.367279	99.367279	99.367279	99.367279	99.367279	99.367279	99.367279	99.367279	99.367279	99.367279	99.367279	99.367279	99.367279	99.367279	99.367279	99.367279	99.367279	99.367279	99.367279	99.367279	99.367279	99.367279	99.367279	99.367279	99.367279	99.367279	99.367279	99.367279	99.367279	99.367279	99.367279	99.367279	99.367279	99.367279	99.367279	99.367279	99.367279	99.367279	99.367279	99.367279	99.367279	99.367279	99.367279	99.367279	99.367279	99.367279	99.367279	99.367279	99.367279	99.367279	99.367279	99.367279	99.367279	99.367279	99.367279	99.367279	99.367279	99.367279	99.367279	99.367279	99.367279	99.367279	99.367279
Arsenate_e0	100.0	100.0	100.0	100.0	100.0	100.0	100.0	100.0	100.0	100.0	100.0	100.0	100.0	100.0	100.0	100.0	100.0	100.0	100.0	100.0	100.0	100.0	100.0	100.0	100.0	100.0	100.0	100.0	100.0	100.0	100.0	100.0	100.0	100.0	100.0	100.0	100.0	100.0	100.0	100.0	100.0	100.0	100.0	100.0	100.0	100.0	100.0	100.0	100.0	100.0	100.0	100.0	100.0	100.0	100.0	100.0	100.0	100.0	100.0	100.0	100.0	100.0	100.0	100.0	100.0	100.0	100.0	100.0	100.0	100.0	100.0	100.0	100.0	100.0	100.0	100.0	100.0	100.0	100.0	100.0	100.0	100.0	100.0	100.0	100.0	100.0	100.0	100.0	100.0	100.0	100.0	100.0	100.0	100.0	100.0	100.0	100.0	100.0	100.0	100.0	100.0	100.0	100.0	100.0	100.0	100.0	100.0	100.0	100.0	100.0	100.0	100.0	100.0	100.0	100.0	100.0	100.0	100.0	100.0	100.0	100.0	100.0	100.0	100.0	100.0	100.0	100.0	100.0	100.0	100.0	100.0	100.0	100.0	100.0	100.0	100.0	100.0	100.0	100.0	100.0	100.0	100.0	100.0	100.0	100.0	100.0	100.0	100.0	100.0	100.0	100.0	100.0	100.0	100.0	100.0	100.0	100.0	100.0	100.0	100.0	100.0	100.0	100.0	100.0	100.0	100.0	100.0	100.0	100.0	100.0	100.0	100.0	100.0	100.0	100.0	100.0	100.0	100.0	100.0	100.0	100.0	100.0	100.0	100.0	100.0	100.0	100.0	100.0	100.0	100.0	100.0	100.0	100.0	100.0	100.0	100.0	100.0	100.0	100.0	100.0
Arsenite_e0	100.0	100.0	100.0	100.0	100.0	100.0	100.0	100.0	100.0	100.0	100.0	100.0	100.0	100.0	100.0	100.0	100.0	100.0	100.0	100.0	100.0	100.0	100.0	100.0	100.0	100.0	100.0	100.0	100.0	100.0	100.0	100.0	100.0	100.0	100.0	100.0	100.0	100.0	100.0	100.0	100.0	100.0	100.0	100.0	100.0	100.0	100.0	100.0	100.0	100.0	100.0	100.0	100.0	100.0	100.0	100.0	100.0	100.0	100.0	100.0	100.0	100.0	100.0	100.0	100.0	100.0	100.0	100.0	100.0	100.0	100.0	100.0	100.0	100.0	100.0	100.0	100.0	100.0	100.0	100.0	100.0	100.0	100.0	100.0	100.0	100.0	100.0	100.0	100.0	100.0	100.0	100.0	100.0	100.0	100.0	100.0	100.0	100.0	100.0	100.0	100.0	100.0	100.0	100.0	100.0	100.0	100.0	100.0	100.0	100.0	100.0	100.0	100.0	100.0	100.0	100.0	100.0	100.0	100.0	100.0	100.0	100.0	100.0	100.0	100.0	100.0	100.0	100.0	100.0	100.0	100.0	100.0	100.0	100.0	100.0	100.0	100.0	100.0	100.0	100.0	100.0	100.0	100.0	100.0	100.0	100.0	100.0	100.0	100.0	100.0	100.0	100.0	100.0	100.0	100.0	100.0	100.0	100.0	100.0	100.0	100.0	100.0	100.0	100.0	100.0	100.0	100.0	100.0	100.0	100.0	100.0	100.0	100.0	100.0	100.0	100.0	100.0	100.0	100.0	100.0	100.0	100.0	100.0	100.0	100.0	100.0	100.0	100.0	100.0	100.0	100.0	100.0	100.0	100.0	100.0	100.0	100.0	100.0	100.0	100.0
BET_e0	100.0	99.9997768	99.9995179	99.9992142	99.9988641	99.9984574	99.9979814	99.9974229	99.9967692	99.9960016	99.9951097	99.9940689	99.9928521	99.9914324	99.9897829	99.9878828	99.9856798	99.9831527	99.9802814	99.9770462	99.9734332	99.9694691	99.9650674	99.9602998	99.9552381	99.9499537	99.9445185	99.9390041	99.933479	99.9280752	99.9228536	99.9178667	99.9131667	99.9087897	99.9047775	99.9011243	99.8978061	99.8947989	99.8920786	99.8896212	99.8874054	99.8853951	99.8835584	99.8818753	99.8803255	99.878889	99.8775456	99.8762824	99.8750781	99.8739226	99.8728106	99.8717368	99.8706956	99.869682	99.8686904	99.8677155	99.8667527	99.8658003	99.8648566	99.8639206	99.8629915	99.8620686	99.8611509	99.8602377	99.8593281	99.8584213	99.8584203	99.8583866	99.8583866	99.857637	99.8570576	99.8566092	99.8562612	99.8559947	99.8557908	99.8556336	99.8555116	99.8554181	99.8553469	99.8552923	99.8552499	99.8552174	99.8551926	99.8551736	99.855159	99.8551477	99.8551391	99.8551325	99.8551275	99.8551235	99.8551205	99.8551183	99.8551165	99.8551152	99.8551141	99.8551133	99.8551127	99.8551123	99.8551119	99.8551116	99.8551114	99.8551113	99.8551111	99.855111	99.855111	99.8551109	99.8551109	99.8551108	99.8551108	99.8551108	99.8551108	99.8551108	99.8551107	99.8551107	99.8551107	99.8551107	99.8551107	99.8551107	99.8551107	99.8551107	99.8551107	99.8551107	99.8551107	99.8551107	99.8551107	99.8551107	99.8551107	99.8551107	99.8551107	99.8551107	99.8551107	99.8551107	99.8551107	99.8551107	99.8551107	99.8551107	99.8551107	99.8551107	99.8551107	99.8551107	99.8551107	99.8551107	99.8551107	99.8551107	99.8551107	99.8551107	99.8551107	99.8551107	99.8551107	99.8551107	99.8551107	99.8551107	99.8551107	99.8551107	99.8551107	99.8551107	99.8551107	99.8551107	99.8551107	99.8551107	99.8551107	99.8551107	99.8551107	99.8551107	99.8551107	99.8551107	99.8551107	99.8551107	99.8551107	99.8551107	99.8551107	99.8551107	99.8551107	99.8551107	99.8551107	99.8551107	99.8551107	99.8551107	99.8551107	99.8551107	99.8551107	99.8551107	99.8551107	99.8551107	99.8551107	99.8551107	99.8551107	99.8551107	99.8551107	99.8551107	99.8551107	99.8551107	99.8551107	99.8551107	99.8551107	99.8551107	99.8551107	99.8551107	99.8551107	99.8551107
BIOT_e0	100.0	99.9998884	99.9997589	99.9996071	99.999432	99.9992287	99.9989907	99.9987115	99.9983846	99.9980008	99.9975549	99.9970344	99.996426	99.9957162	99.9948915	99.9939414	99.9928399	99.9915763	99.9901407	99.9885231	99.9867166	99.9847345	99.9825337	99.9801499	99.977619	99.9749769	99.9722593	99.969502	99.9667395	99.9640376	99.9614268	99.9589333	99.9565834	99.9543948	99.9523887	99.9505622	99.9489031	99.9473995	99.9460393	99.9448106	99.9437027	99.9426975	99.9417792	99.9409376	99.9401628	99.9394445	99.9387728	99.9381412	99.937539	99.9369613	99.9364053	99.9358684	99.9353478	99.934841	99.9343452	99.9338577	99.9333764	99.9329002	99.9324283	99.9319603	99.9314958	99.9310343	99.9305755	99.9301189	99.9296641	99.9292107	99.9292101	99.9291933	99.9291933	99.9288185	99.9285288	99.9283046	99.9281306	99.9279973	99.9278954	99.9278168	99.9277558	99.927709	99.9276735	99.9276461	99.927625	99.9276087	99.9275963	99.9275868	99.9275795	99.9275738	99.9275695	99.9275663	99.9275637	99.9275618	99.9275603	99.9275591	99.9275583	99.9275576	99.9275571	99.9275567	99.9275564	99.9275561	99.9275559	99.9275558	99.9275557	99.9275556	99.9275556	99.9275555	99.9275555	99.9275555	99.9275554	99.9275554	99.9275554	99.9275554	99.9275554	99.9275554	99.9275554	99.9275554	99.9275554	99.9275554	99.9275554	99.9275554	99.9275554	99.9275554	99.9275554	99.9275554	99.9275554	99.9275554	99.9275554	99.9275554	99.9275554	99.9275554	99.9275554	99.9275554	99.9275554	99.9275554	99.9275554	99.9275554	99.9275554	99.9275554	99.9275554	99.9275554	99.9275554	99.9275554	99.9275554	99.9275554	99.9275554	99.9275554	99.9275554	99.9275554	99.9275554	99.9275554	99.9275554	99.9275554	99.9275554	99.9275554	99.9275554	99.9275554	99.9275554	99.9275554	99.9275554	99.9275554	99.9275554	99.9275554	99.9275554	99.9275554	99.9275554	99.9275554	99.9275554	99.9275554	99.9275554	99.9275554	99.9275554	99.9275554	99.9275554	99.9275554	99.9275554	99.9275554	99.9275554	99.9275554	99.9275554	99.9275554	99.9275554	99.9275554	99.9275554	99.9275554	99.9275554	99.9275554	99.9275554	99.9275554	99.9275554	99.9275554	99.9275554	99.9275554	99.9275554	99.9275554	99.9275554	99.9275554	99.9275554	99.9275554	99.9275554	99.9275554	99.9275554	99.9275554
CMP_e0	100.0	99.9970179	99.9935208	99.9893742	99.9845554	99.9789139	99.9722565	99.9643903	99.9551223	99.9441759	99.9313963	99.9164125	99.898821	99.8782183	99.854201	99.8264549	99.7941986	99.7571104	99.7148881	99.6672297	99.6139273	99.5553761	99.490274	99.4196896	99.3446916	99.2663485	99.185729	99.1039017	99.0218884	98.9416625	98.864136	98.7900924	98.720315	98.6553424	98.595803	98.5416116	98.4924098	98.4478393	98.4075418	98.3711589	98.3383734	98.3086451	98.2814999	98.2566368	98.2337546	98.2125525	98.1927293	98.1740928	98.1563257	98.1392759	98.1228634	98.1070085	98.0916311	98.0766513	98.0619892	98.0475649	98.0333088	98.0191955	98.0051984	97.9913049	97.9775026	97.9637789	97.9501215	97.9365178	97.9229553	97.9094218	97.9094062	97.9089043	97.9089042	97.8977142	97.8890632	97.8823705	97.8771747	97.8731955	97.8701525	97.8678055	97.8659838	97.8645881	97.8635257	97.86271	97.8620776	97.8615914	97.8612214	97.8609385	97.8607201	97.8605513	97.8604226	97.8603245	97.8602491	97.8601906	97.8601459	97.8601119	97.8600858	97.8600656	97.86005	97.8600382	97.8600292	97.8600222	97.8600168	97.8600127	97.8600096	97.8600072	97.8600053	97.8600039	97.8600028	97.860002	97.8600013	97.8600008	97.8600004	97.8600002	97.8599999	97.8599998	97.8599996	97.8599995	97.8599995	97.8599994	97.8599994	97.8599993	97.8599993	97.8599993	97.8599992	97.8599992	97.8599992	97.8599992	97.8599992	97.8599992	97.8599992	97.8599992	97.8599992	97.8599992	97.8599992	97.8599992	97.8599992	97.8599992	97.8599992	97.8599992	97.8599992	97.8599992	97.8599992	97.8599992	97.8599992	97.8599992	97.8599992	97.8599992	97.8599992	97.8599992	97.8599992	97.8599992	97.8599992	97.8599992	97.8599992	97.8599992	97.8599992	97.8599992	97.8599992	97.8599992	97.8599992	97.8599992	97.8599992	97.8599992	97.8599992	97.8599992	97.8599992	97.8599992	97.8599992	97.8599992	97.8599992	97.8599992	97.8599992	97.8599992	97.8599992	97.8599992	97.8599992	97.8599992	97.8599992	97.8599992	97.8599992	97.8599992	97.8599992	97.8599992	97.8599992	97.8599992	97.8599992	97.8599992	97.8599992	97.8599992	97.8599992	97.8599992	97.8599992	97.8599992	97.8599992	97.8599992	97.8599992	97.8599992	97.8599992	97.8599992	97.8599992	97.8599992	97.8599992	97.8599992
CO2_e0	100.0	100.2471976	100.5381395	100.8843785	101.2878143	101.7613787	102.3216418	102.9851736	103.7685444	104.6955155	105.7793587	107.0519597	108.5480069	110.3021891	112.3491949	114.7160575	117.4699392	120.6385705	124.2479974	128.3242662	132.8853282	137.8972962	143.4722688	149.5185167	155.944311	162.6579223	169.5676215	176.5816794	183.6123578	190.4901499	197.1366908	203.4846511	209.4667014	215.0365743	220.140222	224.7849314	229.0014622	232.8205738	236.2730257	239.3895775	242.1974624	244.7430584	247.0670931	249.1954206	251.153895	252.9683703	254.6647006	256.2593954	257.7797239	259.2387407	260.6433128	262.0003071	263.3165904	264.5990298	265.854492	267.089844	268.3110592	269.5203254	270.7199364	271.9109647	273.0944828	274.2715631	275.443278	276.6107	277.7749015	278.936934	278.9382719	278.98242	278.9824258	279.995533	280.7787522	281.3846794	281.8550758	282.2153294	282.4908282	282.7033029	282.868231	282.9945919	283.0907759	283.1646245	283.2218717	283.2658952	283.2993873	283.3249979	283.3447714	283.3600562	283.3717085	283.3805842	283.3874148	283.3927088	283.3967596	283.3998387	283.4022004	283.40403	283.4054368	283.4065066	283.4073243	283.4079552	283.4084431	283.408815	283.4090982	283.409315	283.4094843	283.4096149	283.4097139	283.4097886	283.4098458	283.4098899	283.4099248	283.4099517	283.4099721	283.4099874	283.4099988	283.4100077	283.4100144	283.4100198	283.4100242	283.4100276	283.4100301	283.410032	283.4100333	283.4100343	283.410035	283.4100356	283.4100361	283.4100364	283.4100367	283.410037	283.4100372	283.4100374	283.4100375	283.4100376	283.4100377	283.4100377	283.4100378	283.4100378	283.4100378	283.4100378	283.4100378	283.4100378	283.4100378	283.4100378	283.4100378	283.4100378	283.4100378	283.4100378	283.4100378	283.4100378	283.4100378	283.4100378	283.4100378	283.4100378	283.4100378	283.4100378	283.4100378	283.4100378	283.4100378	283.4100378	283.4100378	283.4100378	283.4100378	283.4100378	283.4100378	283.4100378	283.4100378	283.4100378	283.4100378	283.4100378	283.4100378	283.4100378	283.4100378	283.4100378	283.4100378	283.4100378	283.4100378	283.4100378	283.4100378	283.4100378	283.4100378	283.4100378	283.4100378	283.4100378	283.4100378	283.4100378	283.4100378	283.4100378	283.4100378	283.4100378	283.4100378	283.4100378	283.4100378	283.4100378	283.4100378	283.4100378	283.4100378	283.4100378	283.4100378	283.4100378	283.4100378	283.4100378
Ca2+_e0	100.0	99.9998884	99.9997589	99.9996071	99.999432	99.9992287	99.9989907	99.9987115	99.9983846	99.9980008	99.9975549	99.9970344	99.996426	99.9957162	99.9948915	99.9939414	99.9928399	99.9915763	99.9901407	99.9885231	99.9867166	99.9847345	99.9825337	99.9801499	99.977619	99.9749769	99.9722593	99.969502	99.9667395	99.9640376	99.9614268	99.9589333	99.9565834	99.9543948	99.9523887	99.9505622	99.9489031	99.9473995	99.9460393	99.9448106	99.9437027	99.9426975	99.9417792	99.9409376	99.9401628	99.9394445	99.9387728	99.9381412	99.937539	99.9369613	99.9364053	99.9358684	99.9353478	99.934841	99.9343452	99.9338577	99.9333764	99.9329002	99.9324283	99.9319603	99.9314958	99.9310343	99.9305755	99.9301189	99.9296641	99.9292107	99.9292101	99.9291933	99.9291933	99.9288185	99.9285288	99.9283046	99.9281306	99.9279973	99.9278954	99.9278168	99.9277558	99.927709	99.9276735	99.9276461	99.927625	99.9276087	99.9275963	99.9275868	99.9275795	99.9275738	99.9275695	99.9275663	99.9275637	99.9275618	99.9275603	99.9275591	99.9275583	99.9275576	99.9275571	99.9275567	99.9275564	99.9275561	99.9275559	99.9275558	99.9275557	99.9275556	99.9275556	99.9275555	99.9275555	99.9275555	99.9275554	99.9275554	99.9275554	99.9275554	99.9275554	99.9275554	99.9275554	99.9275554	99.9275554	99.9275554	99.9275554	99.9275554	99.9275554	99.9275554	99.9275554	99.9275554	99.9275554	99.9275554	99.9275554	99.9275554	99.9275554	99.9275554	99.9275554	99.9275554	99.9275554	99.9275554	99.9275554	99.9275554	99.9275554	99.9275554	99.9275554	99.9275554	99.9275554	99.9275554	99.9275554	99.9275554	99.9275554	99.9275554	99.9275554	99.9275554	99.9275554	99.9275554	99.9275554	99.9275554	99.9275554	99.9275554	99.9275554	99.9275554	99.9275554	99.9275554	99.9275554	99.9275554	99.9275554	99.9275554	99.9275554	99.9275554	99.9275554	99.9275554	99.9275554	99.9275554	99.9275554	99.9275554	99.9275554	99.9275554	99.9275554	99.9275554	99.9275554	99.9275554	99.9275554	99.9275554	99.9275554	99.9275554	99.9275554	99.9275554	99.9275554	99.9275554	99.9275554	99.9275554	99.9275554	99.9275554	99.9275554	99.9275554	99.9275554	99.9275554	99.9275554	99.9275554	99.9275554	99.9275554	99.9275554	99.9275554	99.9275554	99.9275554	99.9275554	99.9275554
Cbl_e0	100.0	100.0	100.0	100.0	100.0	100.0	100.0	100.0	100.0	100.0	100.0	100.0	100.0	100.0	100.0	100.0	100.0	100.0	100.0	100.0	100.0	100.0	100.0	100.0	100.0	100.0	100.0	100.0	100.0	100.0	100.0	100.0	100.0	100.0	100.0	100.0	100.0	100.0	100.0	100.0	100.0	100.0	100.0	100.0	100.0	100.0	100.0	100.0	100.0	100.0	100.0	100.0	100.0	100.0	100.0	100.0	100.0	100.0	100.0	100.0	100.0	100.0	100.0	100.0	100.0	100.0	100.0	100.0	100.0	100.0	100.0	100.0	100.0	100.0	100.0	100.0	100.0	100.0	100.0	100.0	100.0	100.0	100.0	100.0	100.0	100.0	100.0	100.0	100.0	100.0	100.0	100.0	100.0	100.0	100.0	100.0	100.0	100.0	100.0	100.0	100.0	100.0	100.0	100.0	100.0	100.0	100.0	100.0	100.0	100.0	100.0	100.0	100.0	100.0	100.0	100.0	100.0	100.0	100.0	100.0	100.0	100.0	100.0	100.0	100.0	100.0	100.0	100.0	100.0	100.0	100.0	100.0	100.0	100.0	100.0	100.0	100.0	100.0	100.0	100.0	100.0	100.0	100.0	100.0	100.0	100.0	100.0	100.0	100.0	100.0	100.0	100.0	100.0	100.0	100.0	100.0	100.0	100.0	100.0	100.0	100.0	100.0	100.0	100.0	100.0	100.0	100.0	100.0	100.0	100.0	100.0	100.0	100.0	100.0	100.0	100.0	100.0	100.0	100.0	100.0	100.0	100.0	100.0	100.0	100.0	100.0	100.0	100.0	100.0	100.0	100.0	100.0	100.0	100.0	100.0	100.0	100.0	100.0	100.0	100.0
Chitobiose_e0	100.0	99.999691	99.9993642	99.9990189	99.998654	99.9982687	99.9978622	99.9974337	99.9969824	99.996508	99.9960089	99.9954851	99.9949366	99.9943635	99.9937658	99.9931446	99.9924992	99.9918321	99.9911458	99.9904431	99.9897266	99.9889991	99.9882662	99.9875326	99.9868029	99.9860817	99.9853737	99.9846837	99.9840152	99.9833728	99.9827577	99.9821708	99.9816129	99.9810845	99.9805851	99.9801131	99.9796671	99.9792455	99.9788467	99.9784692	99.9781117	99.9777723	99.9774498	99.9771432	99.9768518	99.9765747	99.9763112	99.9760606	99.9758224	99.9755961	99.9753816	99.9751789	99.9749877	99.9748078	99.9746393	99.9744819	99.9743355	99.9742001	99.9740758	99.9739626	99.9738603	99.9737691	99.9736888	99.9736195	99.9735611	99.9735135	99.9735135	99.9735119	99.9735119	99.9734753	99.9734471	99.9734253	99.9734084	99.9733955	99.9733857	99.9733781	99.9733722	99.9733677	99.9733643	99.9733617	99.9733596	99.9733581	99.9733569	99.973356	99.9733553	99.9733547	99.9733543	99.973354	99.9733537	99.9733535	99.9733534	99.9733533	99.9733532	99.9733531	99.9733531	99.9733531	99.973353	99.973353	99.973353	99.973353	99.973353	99.973353	99.973353	99.9733529	99.9733529	99.9733529	99.9733529	99.9733529	99.9733529	99.9733529	99.9733529	99.9733529	99.9733529	99.9733529	99.9733529	99.9733529	99.9733529	99.9733529	99.9733529	99.9733529	99.9733529	99.9733529	99.9733529	99.9733529	99.9733529	99.9733529	99.9733529	99.9733529	99.9733529	99.9733529	99.9733529	99.9733529	99.9733529	99.9733529	99.9733529	99.9733529	99.9733529	99.9733529	99.9733529	99.9733529	99.9733529	99.9733529	99.9733529	99.9733529	99.9733529	99.9733529	99.9733529	99.9733529	99.9733529	99.9733529	99.9733529	99.9733529	99.9733529	99.9733529	99.9733529	99.9733529	99.9733529	99.9733529	99.9733529	99.9733529	99.9733529	99.9733529	99.9733529	99.9733529	99.9733529	99.9733529	99.9733529	99.9733529	99.9733529	99.9733529	99.9733529	99.9733529	99.9733529	99.9733529	99.9733529	99.9733529	99.9733529	99.9733529	99.9733529	99.9733529	99.9733529	99.9733529	99.9733529	99.9733529	99.9733529	99.9733529	99.9733529	99.9733529	99.9733529	99.9733529	99.9733529	99.9733529	99.9733529	99.9733529	99.9733529	99.9733529	99.9733529	99.9733529	99.9733529	99.9733529
Chorismate_e0	100.0	99.9997768	99.9995179	99.9992142	99.9988641	99.9984574	99.9979814	99.9974229	99.9967692	99.9960016	99.9951097	99.9940689	99.9928521	99.9914324	99.9897829	99.9878828	99.9856798	99.9831527	99.9802814	99.9770462	99.9734332	99.9694691	99.9650674	99.9602998	99.9552381	99.9499537	99.9445185	99.9390041	99.933479	99.9280752	99.9228536	99.9178667	99.9131667	99.9087897	99.9047775	99.9011243	99.8978061	99.8947989	99.8920786	99.8896212	99.8874054	99.8853951	99.8835584	99.8818753	99.8803255	99.878889	99.8775456	99.8762824	99.8750781	99.8739226	99.8728106	99.8717368	99.8706956	99.869682	99.8686904	99.8677155	99.8667527	99.8658003	99.8648566	99.8639206	99.8629915	99.8620686	99.8611509	99.8602377	99.8593281	99.8584213	99.8584203	99.8583866	99.8583866	99.857637	99.8570576	99.8566092	99.8562612	99.8559947	99.8557908	99.8556336	99.8555116	99.8554181	99.8553469	99.8552923	99.8552499	99.8552174	99.8551926	99.8551736	99.855159	99.8551477	99.8551391	99.8551325	99.8551275	99.8551235	99.8551205	99.8551183	99.8551165	99.8551152	99.8551141	99.8551133	99.8551127	99.8551123	99.8551119	99.8551116	99.8551114	99.8551113	99.8551111	99.855111	99.855111	99.8551109	99.8551109	99.8551108	99.8551108	99.8551108	99.8551108	99.8551108	99.8551107	99.8551107	99.8551107	99.8551107	99.8551107	99.8551107	99.8551107	99.8551107	99.8551107	99.8551107	99.8551107	99.8551107	99.8551107	99.8551107	99.8551107	99.8551107	99.8551107	99.8551107	99.8551107	99.8551107	99.8551107	99.8551107	99.8551107	99.8551107	99.8551107	99.8551107	99.8551107	99.8551107	99.8551107	99.8551107	99.8551107	99.8551107	99.8551107	99.8551107	99.8551107	99.8551107	99.8551107	99.8551107	99.8551107	99.8551107	99.8551107	99.8551107	99.8551107	99.8551107	99.8551107	99.8551107	99.8551107	99.8551107	99.8551107	99.8551107	99.8551107	99.8551107	99.8551107	99.8551107	99.8551107	99.8551107	99.8551107	99.8551107	99.8551107	99.8551107	99.8551107	99.8551107	99.8551107	99.8551107	99.8551107	99.8551107	99.8551107	99.8551107	99.8551107	99.8551107	99.8551107	99.8551107	99.8551107	99.8551107	99.8551107	99.8551107	99.8551107	99.8551107	99.8551107	99.8551107	99.8551107	99.8551107	99.8551107	99.8551107	99.8551107	99.8551107	99.8551107	99.8551107
Citrate_e0	100.0	99.9992486	99.998454	99.9976142	99.9967268	99.9957899	99.9948014	99.9937594	99.992662	99.9915081	99.9902945	99.9890207	99.9876869	99.9862932	99.9848397	99.9833292	99.9817597	99.9801374	99.9784686	99.9767597	99.9750172	99.9732482	99.9714659	99.9696819	99.9679073	99.9661536	99.964432	99.9627539	99.9611282	99.9595661	99.9580704	99.9566432	99.9552865	99.9540015	99.9527869	99.9516392	99.9505546	99.9495293	99.9485596	99.9476417	99.9467722	99.945947	99.9451626	99.944417	99.9437084	99.9430346	99.9423937	99.9417845	99.9412051	99.9406549	99.9401333	99.9396403	99.9391752	99.938738	99.9383282	99.9379454	99.9375894	99.9372602	99.9369579	99.9366824	99.9364338	99.9362119	99.9360167	99.9358481	99.9357061	99.9355905	99.9355904	99.9355865	99.9355865	99.9354975	99.9354289	99.9353759	99.9353349	99.9353036	99.9352796	99.9352612	99.9352469	99.9352359	99.9352276	99.9352212	99.9352162	99.9352124	99.9352095	99.9352073	99.9352056	99.9352043	99.9352033	99.9352025	99.9352019	99.9352015	99.9352011	99.9352008	99.9352006	99.9352005	99.9352003	99.9352003	99.9352002	99.9352001	99.9352001	99.9352001	99.9352	99.9352	99.9352	99.9352	99.9352	99.9352	99.9352	99.9352	99.9352	99.9352	99.9352	99.9352	99.9352	99.9352	99.9352	99.9352	99.9352	99.9352	99.9352	99.9352	99.9352	99.9352	99.9352	99.9352	99.9352	99.9352	99.9352	99.9352	99.9352	99.9352	99.9352	99.9352	99.9352	99.9352	99.9352	99.9352	99.9352	99.9352	99.9352	99.9352	99.9352	99.9352	99.9352	99.9352	99.9352	99.9352	99.9352	99.9352	99.9352	99.9352	99.9352	99.9352	99.9352	99.9352	99.9352	99.9352	99.9352	99.9352	99.9352	99.9352	99.9352	99.9352	99.9352	99.9352	99.9352	99.9352	99.9352	99.9352	99.9352	99.9352	99.9352	99.9352	99.9352	99.9352	99.9352	99.9352	99.9352	99.9352	99.9352	99.9352	99.9352	99.9352	99.9352	99.9352	99.9352	99.9352	99.9352	99.9352	99.9352	99.9352	99.9352	99.9352	99.9352	99.9352	99.9352	99.9352	99.9352	99.9352	99.9352	99.9352
Cl-_e0	100.0	99.9998884	99.9997589	99.9996071	99.999432	99.9992287	99.9989907	99.9987115	99.9983846	99.9980008	99.9975549	99.9970344	99.996426	99.9957162	99.9948915	99.9939414	99.9928399	99.9915763	99.9901407	99.9885231	99.9867166	99.9847345	99.9825337	99.9801499	99.977619	99.9749769	99.9722593	99.969502	99.9667395	99.9640376	99.9614268	99.9589333	99.9565834	99.9543948	99.9523887	99.9505622	99.9489031	99.9473995	99.9460393	99.9448106	99.9437027	99.9426975	99.9417792	99.9409376	99.9401628	99.9394445	99.9387728	99.9381412	99.937539	99.9369613	99.9364053	99.9358684	99.9353478	99.934841	99.9343452	99.9338577	99.9333764	99.9329002	99.9324283	99.9319603	99.9314958	99.9310343	99.9305755	99.9301189	99.9296641	99.9292107	99.9292101	99.9291933	99.9291933	99.9288185	99.9285288	99.9283046	99.9281306	99.9279973	99.9278954	99.9278168	99.9277558	99.927709	99.9276735	99.9276461	99.927625	99.9276087	99.9275963	99.9275868	99.9275795	99.9275738	99.9275695	99.9275663	99.9275637	99.9275618	99.9275603	99.9275591	99.9275583	99.9275576	99.9275571	99.9275567	99.9275564	99.9275561	99.9275559	99.9275558	99.9275557	99.9275556	99.9275556	99.9275555	99.9275555	99.9275555	99.9275554	99.9275554	99.9275554	99.9275554	99.9275554	99.9275554	99.9275554	99.9275554	99.9275554	99.9275554	99.9275554	99.9275554	99.9275554	99.9275554	99.9275554	99.9275554	99.9275554	99.9275554	99.9275554	99.9275554	99.9275554	99.9275554	99.9275554	99.9275554	99.9275554	99.9275554	99.9275554	99.9275554	99.9275554	99.9275554	99.9275554	99.9275554	99.9275554	99.9275554	99.9275554	99.9275554	99.9275554	99.9275554	99.9275554	99.9275554	99.9275554	99.9275554	99.9275554	99.9275554	99.9275554	99.9275554	99.9275554	99.9275554	99.9275554	99.9275554	99.9275554	99.9275554	99.9275554	99.9275554	99.9275554	99.9275554	99.9275554	99.9275554	99.9275554	99.9275554	99.9275554	99.9275554	99.9275554	99.9275554	99.9275554	99.9275554	99.9275554	99.9275554	99.9275554	99.9275554	99.9275554	99.9275554	99.9275554	99.9275554	99.9275554	99.9275554	99.9275554	99.9275554	99.9275554	99.9275554	99.9275554	99.9275554	99.9275554	99.9275554	99.9275554	99.9275554	99.9275554	99.9275554	99.9275554	99.9275554	99.9275554	99.9275554	99.9275554	99.9275554
Co2+_e0	100.0	99.9998884	99.9997589	99.9996071	99.999432	99.9992287	99.9989907	99.9987115	99.9983846	99.9980008	99.9975549	99.9970344	99.996426	99.9957162	99.9948915	99.9939414	99.9928399	99.9915763	99.9901407	99.9885231	99.9867166	99.9847345	99.9825337	99.9801499	99.977619	99.9749769	99.9722593	99.969502	99.9667395	99.9640376	99.9614268	99.9589333	99.9565834	99.9543948	99.9523887	99.9505622	99.9489031	99.9473995	99.9460393	99.9448106	99.9437027	99.9426975	99.9417792	99.9409376	99.9401628	99.9394445	99.9387728	99.9381412	99.937539	99.9369613	99.9364053	99.9358684	99.9353478	99.934841	99.9343452	99.9338577	99.9333764	99.9329002	99.9324283	99.9319603	99.9314958	99.9310343	99.9305755	99.9301189	99.9296641	99.9292107	99.9292101	99.9291933	99.9291933	99.9288185	99.9285288	99.9283046	99.9281306	99.9279973	99.9278954	99.9278168	99.9277558	99.927709	99.9276735	99.9276461	99.927625	99.9276087	99.9275963	99.9275868	99.9275795	99.9275738	99.9275695	99.9275663	99.9275637	99.9275618	99.9275603	99.9275591	99.9275583	99.9275576	99.9275571	99.9275567	99.9275564	99.9275561	99.9275559	99.9275558	99.9275557	99.9275556	99.9275556	99.9275555	99.9275555	99.9275555	99.9275554	99.9275554	99.9275554	99.9275554	99.9275554	99.9275554	99.9275554	99.9275554	99.9275554	99.9275554	99.9275554	99.9275554	99.9275554	99.9275554	99.9275554	99.9275554	99.9275554	99.9275554	99.9275554	99.9275554	99.9275554	99.9275554	99.9275554	99.9275554	99.9275554	99.9275554	99.9275554	99.9275554	99.9275554	99.9275554	99.9275554	99.9275554	99.9275554	99.9275554	99.9275554	99.9275554	99.9275554	99.9275554	99.9275554	99.9275554	99.9275554	99.9275554	99.9275554	99.9275554	99.9275554	99.9275554	99.9275554	99.9275554	99.9275554	99.9275554	99.9275554	99.9275554	99.9275554	99.9275554	99.9275554	99.9275554	99.9275554	99.9275554	99.9275554	99.9275554	99.9275554	99.9275554	99.9275554	99.9275554	99.9275554	99.9275554	99.9275554	99.9275554	99.9275554	99.9275554	99.9275554	99.9275554	99.9275554	99.9275554	99.9275554	99.9275554	99.9275554	99.9275554	99.9275554	99.9275554	99.9275554	99.9275554	99.9275554	99.9275554	99.9275554	99.9275554	99.9275554	99.9275554	99.9275554	99.9275554	99.9275554	99.9275554	99.9275554	99.9275554
CoA_e0	100.0	99.9997768	99.9995179	99.9992142	99.9988641	99.9984574	99.9979814	99.9974229	99.9967692	99.9960016	99.9951097	99.9940689	99.9928521	99.9914324	99.9897829	99.9878828	99.9856798	99.9831527	99.9802814	99.9770462	99.9734332	99.9694691	99.9650674	99.9602998	99.9552381	99.9499537	99.9445185	99.9390041	99.933479	99.9280752	99.9228536	99.9178667	99.9131667	99.9087897	99.9047775	99.9011243	99.8978061	99.8947989	99.8920786	99.8896212	99.8874054	99.8853951	99.8835584	99.8818753	99.8803255	99.878889	99.8775456	99.8762824	99.8750781	99.8739226	99.8728106	99.8717368	99.8706956	99.869682	99.8686904	99.8677155	99.8667527	99.8658003	99.8648566	99.8639206	99.8629915	99.8620686	99.8611509	99.8602377	99.8593281	99.8584213	99.8584203	99.8583866	99.8583866	99.857637	99.8570576	99.8566092	99.8562612	99.8559947	99.8557908	99.8556336	99.8555116	99.8554181	99.8553469	99.8552923	99.8552499	99.8552174	99.8551926	99.8551736	99.855159	99.8551477	99.8551391	99.8551325	99.8551275	99.8551235	99.8551205	99.8551183	99.8551165	99.8551152	99.8551141	99.8551133	99.8551127	99.8551123	99.8551119	99.8551116	99.8551114	99.8551113	99.8551111	99.855111	99.855111	99.8551109	99.8551109	99.8551108	99.8551108	99.8551108	99.8551108	99.8551108	99.8551107	99.8551107	99.8551107	99.8551107	99.8551107	99.8551107	99.8551107	99.8551107	99.8551107	99.8551107	99.8551107	99.8551107	99.8551107	99.8551107	99.8551107	99.8551107	99.8551107	99.8551107	99.8551107	99.8551107	99.8551107	99.8551107	99.8551107	99.8551107	99.8551107	99.8551107	99.8551107	99.8551107	99.8551107	99.8551107	99.8551107	99.8551107	99.8551107	99.8551107	99.8551107	99.8551107	99.8551107	99.8551107	99.8551107	99.8551107	99.8551107	99.8551107	99.8551107	99.8551107	99.8551107	99.8551107	99.8551107	99.8551107	99.8551107	99.8551107	99.8551107	99.8551107	99.8551107	99.8551107	99.8551107	99.8551107	99.8551107	99.8551107	99.8551107	99.8551107	99.8551107	99.8551107	99.8551107	99.8551107	99.8551107	99.8551107	99.8551107	99.8551107	99.8551107	99.8551107	99.8551107	99.8551107	99.8551107	99.8551107	99.8551107	99.8551107	99.8551107	99.8551107	99.8551107	99.8551107	99.8551107	99.8551107	99.8551107	99.8551107	99.8551107	99.8551107	99.8551107	99.8551107
Cu2+_e0	100.0	99.9998884	99.9997589	99.9996071	99.999432	99.9992287	99.9989907	99.9987115	99.9983846	99.9980008	99.9975549	99.9970344	99.996426	99.9957162	99.9948915	99.9939414	99.9928399	99.9915763	99.9901407	99.9885231	99.9867166	99.9847345	99.9825337	99.9801499	99.977619	99.9749769	99.9722593	99.969502	99.9667395	99.9640376	99.9614268	99.9589333	99.9565834	99.9543948	99.9523887	99.9505622	99.9489031	99.9473995	99.9460393	99.9448106	99.9437027	99.9426975	99.9417792	99.9409376	99.9401628	99.9394445	99.9387728	99.9381412	99.937539	99.9369613	99.9364053	99.9358684	99.9353478	99.934841	99.9343452	99.9338577	99.9333764	99.9329002	99.9324283	99.9319603	99.9314958	99.9310343	99.9305755	99.9301189	99.9296641	99.9292107	99.9292101	99.9291933	99.9291933	99.9288185	99.9285288	99.9283046	99.9281306	99.9279973	99.9278954	99.9278168	99.9277558	99.927709	99.9276735	99.9276461	99.927625	99.9276087	99.9275963	99.9275868	99.9275795	99.9275738	99.9275695	99.9275663	99.9275637	99.9275618	99.9275603	99.9275591	99.9275583	99.9275576	99.9275571	99.9275567	99.9275564	99.9275561	99.9275559	99.9275558	99.9275557	99.9275556	99.9275556	99.9275555	99.9275555	99.9275555	99.9275554	99.9275554	99.9275554	99.9275554	99.9275554	99.9275554	99.9275554	99.9275554	99.9275554	99.9275554	99.9275554	99.9275554	99.9275554	99.9275554	99.9275554	99.9275554	99.9275554	99.9275554	99.9275554	99.9275554	99.9275554	99.9275554	99.9275554	99.9275554	99.9275554	99.9275554	99.9275554	99.9275554	99.9275554	99.9275554	99.9275554	99.9275554	99.9275554	99.9275554	99.9275554	99.9275554	99.9275554	99.9275554	99.9275554	99.9275554	99.9275554	99.9275554	99.9275554	99.9275554	99.9275554	99.9275554	99.9275554	99.9275554	99.9275554	99.9275554	99.9275554	99.9275554	99.9275554	99.9275554	99.9275554	99.9275554	99.9275554	99.9275554	99.9275554	99.9275554	99.9275554	99.9275554	99.9275554	99.9275554	99.9275554	99.9275554	99.9275554	99.9275554	99.9275554	99.9275554	99.9275554	99.9275554	99.9275554	99.9275554	99.9275554	99.9275554	99.9275554	99.9275554	99.9275554	99.9275554	99.9275554	99.9275554	99.9275554	99.9275554	99.9275554	99.9275554	99.9275554	99.9275554	99.9275554	99.9275554	99.9275554	99.9275554	99.9275554	99.9275554
Cytidine_e0	100.0	99.9996377	99.9992546	99.9988497	99.9984219	99.9979701	99.9974935	99.9969911	99.996462	99.9959057	99.9953205	99.9947063	99.9940632	99.9933913	99.9926905	99.9919622	99.9912055	99.9904233	99.9896187	99.9887947	99.9879546	99.9871016	99.9862424	99.9853822	99.9845266	99.983681	99.9828509	99.9820419	99.9812581	99.9805049	99.9797837	99.9790956	99.9784414	99.9778219	99.9772363	99.9766829	99.97616	99.9756657	99.9751981	99.9747555	99.9743363	99.9739384	99.9735602	99.9732008	99.9728591	99.9725342	99.9722252	99.9719315	99.9716522	99.9713869	99.9711354	99.9708977	99.9706735	99.9704626	99.970265	99.9700805	99.9699088	99.9697501	99.9696043	99.9694715	99.9693517	99.9692447	99.9691506	99.9690693	99.9690008	99.9689451	99.968945	99.9689432	99.9689432	99.9689002	99.9688671	99.9688416	99.9688218	99.9688067	99.9687952	99.9687863	99.9687794	99.9687741	99.9687701	99.968767	99.9687646	99.9687628	99.9687614	99.9687603	99.9687595	99.9687589	99.9687584	99.968758	99.9687577	99.9687575	99.9687573	99.9687572	99.9687571	99.968757	99.968757	99.9687569	99.9687569	99.9687569	99.9687568	99.9687568	99.9687568	99.9687568	99.9687568	99.9687568	99.9687568	99.9687568	99.9687568	99.9687568	99.9687568	99.9687568	99.9687568	99.9687568	99.9687568	99.9687568	99.9687568	99.9687568	99.9687568	99.9687568	99.9687568	99.9687568	99.9687568	99.9687568	99.9687568	99.9687568	99.9687568	99.9687568	99.9687568	99.9687568	99.9687568	99.9687568	99.9687568	99.9687568	99.9687568	99.9687568	99.9687568	99.9687568	99.9687568	99.9687568	99.9687568	99.9687568	99.9687568	99.9687568	99.9687568	99.9687568	99.9687568	99.9687568	99.9687568	99.9687568	99.9687568	99.9687568	99.9687568	99.9687568	99.9687568	99.9687568	99.9687568	99.9687568	99.9687568	99.9687568	99.9687568	99.9687568	99.9687568	99.9687568	99.9687568	99.9687568	99.9687568	99.9687568	99.9687568	99.9687568	99.9687568	99.9687568	99.9687568	99.9687568	99.9687568	99.9687568	99.9687568	99.9687568	99.9687568	99.9687568	99.9687568	99.9687568	99.9687568	99.9687568	99.9687568	99.9687568	99.9687568	99.9687568	99.9687568	99.9687568	99.9687568	99.9687568	99.9687568	99.9687568	99.9687568	99.9687568	99.9687568	99.9687568	99.9687568	99.9687568	99.9687568	99.9687568
Cytosine_e0	100.0	100.0	100.0	100.0	100.0	100.0	100.0	100.0	100.0	100.0	100.0	100.0	100.0	100.0	100.0	100.0	100.0	100.0	100.0	100.0	100.0	100.0	100.0	100.0	100.0	100.0	100.0	100.0	100.0	100.0	100.0	100.0	100.0	100.0	100.0	100.0	100.0	100.0	100.0	100.0	100.0	100.0	100.0	100.0	100.0	100.0	100.0	100.0	100.0	100.0	100.0	100.0	100.0	100.0	100.0	100.0	100.0	100.0	100.0	100.0	100.0	100.0	100.0	100.0	100.0	100.0	100.0	100.0	100.0	100.0	100.0	100.0	100.0	100.0	100.0	100.0	100.0	100.0	100.0	100.0	100.0	100.0	100.0	100.0	100.0	100.0	100.0	100.0	100.0	100.0	100.0	100.0	100.0	100.0	100.0	100.0	100.0	100.0	100.0	100.0	100.0	100.0	100.0	100.0	100.0	100.0	100.0	100.0	100.0	100.0	100.0	100.0	100.0	100.0	100.0	100.0	100.0	100.0	100.0	100.0	100.0	100.0	100.0	100.0	100.0	100.0	100.0	100.0	100.0	100.0	100.0	100.0	100.0	100.0	100.0	100.0	100.0	100.0	100.0	100.0	100.0	100.0	100.0	100.0	100.0	100.0	100.0	100.0	100.0	100.0	100.0	100.0	100.0	100.0	100.0	100.0	100.0	100.0	100.0	100.0	100.0	100.0	100.0	100.0	100.0	100.0	100.0	100.0	100.0	100.0	100.0	100.0	100.0	100.0	100.0	100.0	100.0	100.0	100.0	100.0	100.0	100.0	100.0	100.0	100.0	100.0	100.0	100.0	100.0	100.0	100.0	100.0	100.0	100.0	100.0	100.0	100.0	100.0	100.0	100.0
D-Alanine_e0	100.0	99.9996994	99.9993816	99.9990457	99.9986907	99.998316	99.9979206	99.9975038	99.9970648	99.9966032	99.9961178	99.9956083	99.9950747	99.9945173	99.9939359	99.9933317	99.9927039	99.992055	99.9913874	99.9907039	99.9900069	99.9892993	99.9885864	99.9878728	99.9871629	99.9864614	99.9857728	99.9851016	99.9844513	99.9838264	99.9832282	99.9826573	99.9821146	99.9816006	99.9811148	99.9806557	99.9802218	99.9798117	99.9794238	99.9790567	99.9787089	99.9783788	99.978065	99.9777668	99.9774834	99.9772138	99.9769575	99.9767138	99.9764821	99.9762619	99.9760533	99.9758561	99.9756701	99.9754952	99.9753313	99.9751782	99.9750358	99.9749041	99.9747831	99.974673	99.9745735	99.9744848	99.9744067	99.9743392	99.9742824	99.9742362	99.9742362	99.9742346	99.9742346	99.974199	99.9741715	99.9741504	99.974134	99.9741214	99.9741119	99.9741045	99.9740988	99.9740944	99.974091	99.9740885	99.9740865	99.974085	99.9740838	99.9740829	99.9740822	99.9740817	99.9740813	99.974081	99.9740808	99.9740806	99.9740804	99.9740803	99.9740803	99.9740802	99.9740801	99.9740801	99.9740801	99.9740801	99.97408	99.97408	99.97408	99.97408	99.97408	99.97408	99.97408	99.97408	99.97408	99.97408	99.97408	99.97408	99.97408	99.97408	99.97408	99.97408	99.97408	99.97408	99.97408	99.97408	99.97408	99.97408	99.97408	99.97408	99.97408	99.97408	99.97408	99.97408	99.97408	99.97408	99.97408	99.97408	99.97408	99.97408	99.97408	99.97408	99.97408	99.97408	99.97408	99.97408	99.97408	99.97408	99.97408	99.97408	99.97408	99.97408	99.97408	99.97408	99.97408	99.97408	99.97408	99.97408	99.97408	99.97408	99.97408	99.97408	99.97408	99.97408	99.97408	99.97408	99.97408	99.97408	99.97408	99.97408	99.97408	99.97408	99.97408	99.97408	99.97408	99.97408	99.97408	99.97408	99.97408	99.97408	99.97408	99.97408	99.97408	99.97408	99.97408	99.97408	99.97408	99.97408	99.97408	99.97408	99.97408	99.97408	99.97408	99.97408	99.97408	99.97408	99.97408	99.97408	99.97408	99.97408	99.97408	99.97408	99.97408	99.97408	99.97408	99.97408	99.97408	99.97408
D-Arabinose_e0	100.0	99.9970163	99.9935547	99.9894941	99.9848134	99.9793774	99.9730129	99.965547	99.9568067	99.9465447	99.9346215	99.920706	99.9044382	99.8854584	99.8634065	99.8380035	99.8085515	99.7747659	99.7363801	99.6931273	99.6448248	99.5918283	99.5329818	99.4692436	99.4015719	99.3309249	99.2582609	99.1845381	99.1106719	99.0384276	98.9686201	98.9019493	98.8391149	98.7805979	98.7269582	98.6781185	98.6337573	98.5935534	98.5571854	98.5243321	98.494709	98.4678324	98.4432778	98.4207758	98.400057	98.380852	98.3628914	98.3460031	98.3299032	98.3144558	98.2995893	98.2852325	98.2713137	98.2577616	98.2445048	98.2314717	98.2186002	98.2058677	98.1932503	98.1807369	98.1683165	98.1559777	98.1437094	98.1315006	98.1193399	98.1072165	98.1072025	98.1067531	98.106753	98.0967317	98.0889843	98.0829907	98.0783378	98.0747743	98.0720492	98.0699475	98.0683161	98.0670662	98.0661148	98.0653843	98.0648181	98.0643826	98.0640513	98.063798	98.0636024	98.0634512	98.063336	98.0632482	98.0631806	98.0631283	98.0630882	98.0630577	98.0630344	98.0630163	98.0630024	98.0629918	98.0629837	98.0629774	98.0629726	98.0629689	98.0629661	98.062964	98.0629623	98.062961	98.0629601	98.0629593	98.0629587	98.0629583	98.062958	98.0629577	98.0629575	98.0629573	98.0629572	98.0629571	98.0629571	98.062957	98.062957	98.062957	98.0629569	98.0629569	98.0629569	98.0629569	98.0629569	98.0629569	98.0629569	98.0629569	98.0629569	98.0629569	98.0629569	98.0629569	98.0629569	98.0629569	98.0629569	98.0629569	98.0629569	98.0629568	98.0629568	98.0629568	98.0629568	98.0629568	98.0629568	98.0629568	98.0629568	98.0629568	98.0629568	98.0629568	98.0629568	98.0629568	98.0629568	98.0629568	98.0629568	98.0629568	98.0629568	98.0629568	98.0629568	98.0629568	98.0629568	98.0629568	98.0629568	98.0629568	98.0629568	98.0629568	98.0629568	98.0629568	98.0629568	98.0629568	98.0629568	98.0629568	98.0629568	98.0629568	98.0629568	98.0629568	98.0629568	98.0629568	98.0629568	98.0629568	98.0629568	98.0629568	98.0629568	98.0629568	98.0629568	98.0629568	98.0629568	98.0629568	98.0629568	98.0629568	98.0629568	98.0629568	98.0629568	98.0629568	98.0629568	98.0629568	98.0629568	98.0629568	98.0629568	98.0629568	98.0629568	98.0629568	98.0629568	98.0629568
D-Galacturonate_e0	100.0	100.0	100.0	100.0	100.0	100.0	100.0	100.0	100.0	100.0	100.0	100.0	100.0	100.0	100.0	100.0	100.0	100.0	100.0	100.0	100.0	100.0	100.0	100.0	100.0	100.0	100.0	100.0	100.0	100.0	100.0	100.0	100.0	100.0	100.0	100.0	100.0	100.0	100.0	100.0	100.0	100.0	100.0	100.0	100.0	100.0	100.0	100.0	100.0	100.0	100.0	100.0	100.0	100.0	100.0	100.0	100.0	100.0	100.0	100.0	100.0	100.0	100.0	100.0	100.0	100.0	100.0	100.0	100.0	100.0	100.0	100.0	100.0	100.0	100.0	100.0	100.0	100.0	100.0	100.0	100.0	100.0	100.0	100.0	100.0	100.0	100.0	100.0	100.0	100.0	100.0	100.0	100.0	100.0	100.0	100.0	100.0	100.0	100.0	100.0	100.0	100.0	100.0	100.0	100.0	100.0	100.0	100.0	100.0	100.0	100.0	100.0	100.0	100.0	100.0	100.0	100.0	100.0	100.0	100.0	100.0	100.0	100.0	100.0	100.0	100.0	100.0	100.0	100.0	100.0	100.0	100.0	100.0	100.0	100.0	100.0	100.0	100.0	100.0	100.0	100.0	100.0	100.0	100.0	100.0	100.0	100.0	100.0	100.0	100.0	100.0	100.0	100.0	100.0	100.0	100.0	100.0	100.0	100.0	100.0	100.0	100.0	100.0	100.0	100.0	100.0	100.0	100.0	100.0	100.0	100.0	100.0	100.0	100.0	100.0	100.0	100.0	100.0	100.0	100.0	100.0	100.0	100.0	100.0	100.0	100.0	100.0	100.0	100.0	100.0	100.0	100.0	100.0	100.0	100.0	100.0	100.0	100.0	100.0	100.0
D-Glucose_e0	100.0	99.774163	99.520673	99.2335201	98.9114325	98.5477029	98.1338341	97.6613289	97.1216899	96.5029792	95.7981369	94.9912767	94.065184	93.0026441	91.7864424	90.4035215	88.8202504	87.0236898	85.0017823	82.7424702	80.2377031	77.5053032	74.4914084	71.2431416	67.8076257	64.2319838	60.5633389	56.848814	53.1332264	49.5022925	45.9953533	42.6461322	39.4883526	36.5451797	33.8432591	31.3784982	29.1350995	27.0972652	25.2491978	23.5750994	22.0609855	20.6832377	19.4211552	18.2616229	17.1915255	16.1977479	15.2671749	14.3914304	13.5567234	12.7564636	11.987194	11.2454573	10.5277964	9.830754	9.150873	8.4846962	7.8292069	7.1833268	6.5459356	5.916492	5.2944548	4.6792828	4.0704349	3.4673698	2.8695463	2.2764314	2.2757506	2.2532825	2.2532796	1.7376089	1.3389866	1.0306183	0.7912344	0.6079103	0.4677211	0.3596043	0.2756824	0.2113859	0.1624452	0.1248696	0.0957412	0.0733413	0.0563	0.0432691	0.0332081	0.025431	0.0195023	0.0149862	0.0115108	0.0088171	0.006756	0.0051894	0.0039877	0.0030568	0.002341	0.0017967	0.0013807	0.0010596	0.0008114	0.0006222	0.0004781	0.0003678	0.0002816	0.0002152	0.0001648	0.0001268	9.77e-05	7.52e-05	5.75e-05	4.38e-05	3.34e-05	2.56e-05	1.98e-05	1.53e-05	1.19e-05	9.1e-06	6.9e-06	5.2e-06	3.9e-06	2.9e-06	2.3e-06	1.8e-06	1.4e-06	1.1e-06	9e-07	7e-07	5e-07	4e-07	3e-07	2e-07	1e-07	1e-07	1e-07	0.0	0.0	0.0	0.0	0.0	0.0	0.0	0.0	0.0	0.0	0.0	0.0	0.0	0.0	0.0	0.0	0.0	0.0	0.0	0.0	0.0	0.0	0.0	0.0	0.0	0.0	0.0	0.0	0.0	0.0	0.0	0.0	0.0	0.0	0.0	0.0	0.0	0.0	0.0	0.0	0.0	0.0	0.0	0.0	0.0	0.0	0.0	0.0	0.0	0.0	0.0	0.0	0.0	0.0	0.0	0.0	0.0	0.0	0.0	0.0	0.0	0.0	0.0	0.0	0.0	0.0	0.0
D-Serine_e0	100.0	100.0	100.0	100.0	100.0	100.0	100.0	100.0	100.0	100.0	100.0	100.0	100.0	100.0	100.0	100.0	100.0	100.0	100.0	100.0	100.0	100.0	100.0	100.0	100.0	100.0	100.0	100.0	100.0	100.0	100.0	100.0	100.0	100.0	100.0	100.0	100.0	100.0	100.0	100.0	100.0	100.0	100.0	100.0	100.0	100.0	100.0	100.0	100.0	100.0	100.0	100.0	100.0	100.0	100.0	100.0	100.0	100.0	100.0	100.0	100.0	100.0	100.0	100.0	100.0	100.0	100.0	100.0	100.0	100.0	100.0	100.0	100.0	100.0	100.0	100.0	100.0	100.0	100.0	100.0	100.0	100.0	100.0	100.0	100.0	100.0	100.0	100.0	100.0	100.0	100.0	100.0	100.0	100.0	100.0	100.0	100.0	100.0	100.0	100.0	100.0	100.0	100.0	100.0	100.0	100.0	100.0	100.0	100.0	100.0	100.0	100.0	100.0	100.0	100.0	100.0	100.0	100.0	100.0	100.0	100.0	100.0	100.0	100.0	100.0	100.0	100.0	100.0	100.0	100.0	100.0	100.0	100.0	100.0	100.0	100.0	100.0	100.0	100.0	100.0	100.0	100.0	100.0	100.0	100.0	100.0	100.0	100.0	100.0	100.0	100.0	100.0	100.0	100.0	100.0	100.0	100.0	100.0	100.0	100.0	100.0	100.0	100.0	100.0	100.0	100.0	100.0	100.0	100.0	100.0	100.0	100.0	100.0	100.0	100.0	100.0	100.0	100.0	100.0	100.0	100.0	100.0	100.0	100.0	100.0	100.0	100.0	100.0	100.0	100.0	100.0	100.0	100.0	100.0	100.0	100.0	100.0	100.0	100.0	100.0
Deoxyadenosine_e0	100.0	100.0	100.0	100.0	100.0	100.0	100.0	100.0	100.0	100.0	100.0	100.0	100.0	100.0	100.0	100.0	100.0	100.0	100.0	100.0	100.0	100.0	100.0	100.0	100.0	100.0	100.0	100.0	100.0	100.0	100.0	100.0	100.0	100.0	100.0	100.0	100.0	100.0	100.0	100.0	100.0	100.0	100.0	100.0	100.0	100.0	100.0	100.0	100.0	100.0	100.0	100.0	100.0	100.0	100.0	100.0	100.0	100.0	100.0	100.0	100.0	100.0	100.0	100.0	100.0	100.0	100.0	100.0	100.0	100.0	100.0	100.0	100.0	100.0	100.0	100.0	100.0	100.0	100.0	100.0	100.0	100.0	100.0	100.0	100.0	100.0	100.0	100.0	100.0	100.0	100.0	100.0	100.0	100.0	100.0	100.0	100.0	100.0	100.0	100.0	100.0	100.0	100.0	100.0	100.0	100.0	100.0	100.0	100.0	100.0	100.0	100.0	100.0	100.0	100.0	100.0	100.0	100.0	100.0	100.0	100.0	100.0	100.0	100.0	100.0	100.0	100.0	100.0	100.0	100.0	100.0	100.0	100.0	100.0	100.0	100.0	100.0	100.0	100.0	100.0	100.0	100.0	100.0	100.0	100.0	100.0	100.0	100.0	100.0	100.0	100.0	100.0	100.0	100.0	100.0	100.0	100.0	100.0	100.0	100.0	100.0	100.0	100.0	100.0	100.0	100.0	100.0	100.0	100.0	100.0	100.0	100.0	100.0	100.0	100.0	100.0	100.0	100.0	100.0	100.0	100.0	100.0	100.0	100.0	100.0	100.0	100.0	100.0	100.0	100.0	100.0	100.0	100.0	100.0	100.0	100.0	100.0	100.0	100.0	100.0
Deoxycytidine_e0	100.0	99.9992916	99.9984655	99.9974917	99.9963648	99.9950512	99.9935075	99.9916905	99.9895569	99.9870449	99.9841196	99.9806982	99.9766904	99.9720062	99.9665555	99.9602681	99.9529696	99.9445883	99.9350573	99.9243097	99.9122993	99.8991151	99.8844672	99.8685952	99.8517384	99.8341363	99.8160284	99.797654	99.779242	99.7612336	99.7438327	99.7272143	99.7115534	99.6969701	99.6836047	99.6714378	99.6603891	99.6503783	99.641325	99.6331491	99.6257793	99.6190949	99.6129897	99.6073963	99.6022474	99.5974756	99.5930136	99.5888184	99.584819	99.5809814	99.5772877	99.5737201	99.5702607	99.5668916	99.5635949	99.5603528	99.5571498	99.5539801	99.5508378	99.5477201	99.5446243	99.5415474	99.5384869	99.5354397	99.5324032	99.5293747	99.5293712	99.5292583	99.5292583	99.5267241	99.5247648	99.523249	99.5220722	99.5211709	99.5204816	99.5199501	99.5195374	99.5192213	99.5189806	99.5187959	99.5186526	99.5185425	99.5184587	99.5183946	99.5183451	99.5183069	99.5182777	99.5182555	99.5182384	99.5182252	99.5182151	99.5182074	99.5182014	99.5181969	99.5181934	99.5181907	99.5181886	99.5181871	99.5181858	99.5181849	99.5181842	99.5181836	99.5181832	99.5181829	99.5181827	99.5181825	99.5181823	99.5181822	99.5181821	99.5181821	99.518182	99.518182	99.5181819	99.5181819	99.5181819	99.5181819	99.5181819	99.5181819	99.5181819	99.5181819	99.5181819	99.5181818	99.5181818	99.5181818	99.5181818	99.5181818	99.5181818	99.5181818	99.5181818	99.5181818	99.5181818	99.5181818	99.5181818	99.5181818	99.5181818	99.5181818	99.5181818	99.5181818	99.5181818	99.5181818	99.5181818	99.5181818	99.5181818	99.5181818	99.5181818	99.5181818	99.5181818	99.5181818	99.5181818	99.5181818	99.5181818	99.5181818	99.5181818	99.5181818	99.5181818	99.5181818	99.5181818	99.5181818	99.5181818	99.5181818	99.5181818	99.5181818	99.5181818	99.5181818	99.5181818	99.5181818	99.5181818	99.5181818	99.5181818	99.5181818	99.5181818	99.5181818	99.5181818	99.5181818	99.5181818	99.5181818	99.5181818	99.5181818	99.5181818	99.5181818	99.5181818	99.5181818	99.5181818	99.5181818	99.5181818	99.5181818	99.5181818	99.5181818	99.5181818	99.5181818	99.5181818	99.5181818	99.5181818	99.5181818	99.5181818	99.5181818	99.5181818	99.5181818	99.5181818	99.5181818
Deoxyguanosine_e0	100.0	99.9999053	99.9997936	99.9996606	99.9995055	99.9993232	99.9991073	99.9988515	99.9985493	99.9981913	99.9977727	99.9972808	99.9967023	99.9960238	99.9952317	99.9943155	99.9932492	99.992022	99.9906239	99.9890446	99.9872772	99.9853348	99.983174	99.9808303	99.9783392	99.9757364	99.9730574	99.9703378	99.9676118	99.9649449	99.9623677	99.9599063	99.9575867	99.955427	99.9534482	99.9516474	99.9500126	99.948532	99.9471936	99.9459855	99.9448971	99.9439105	99.9430097	99.9421849	99.9414259	99.9407228	99.9400655	99.9394475	99.9388584	99.938293	99.9377487	99.9372228	99.9367127	99.9362157	99.9357291	99.9352502	99.9347768	99.934308	99.9338429	99.9333811	99.9329222	99.9324657	99.9320112	99.9315584	99.9311068	99.930656	99.9306555	99.9306387	99.9306387	99.9302659	99.9299777	99.9297548	99.9295817	99.9294491	99.9293477	99.9292695	99.9292088	99.9291623	99.9291269	99.9290998	99.9290787	99.9290625	99.9290502	99.9290408	99.9290335	99.9290278	99.9290236	99.9290203	99.9290178	99.9290158	99.9290143	99.9290132	99.9290123	99.9290117	99.9290111	99.9290108	99.9290105	99.9290102	99.92901	99.9290099	99.9290098	99.9290097	99.9290097	99.9290096	99.9290096	99.9290095	99.9290095	99.9290095	99.9290095	99.9290095	99.9290095	99.9290095	99.9290095	99.9290095	99.9290095	99.9290095	99.9290095	99.9290095	99.9290095	99.9290095	99.9290095	99.9290095	99.9290095	99.9290095	99.9290095	99.9290095	99.9290095	99.9290095	99.9290095	99.9290095	99.9290095	99.9290095	99.9290095	99.9290095	99.9290095	99.9290095	99.9290095	99.9290095	99.9290095	99.9290095	99.9290095	99.9290095	99.9290095	99.9290095	99.9290095	99.9290095	99.9290095	99.9290095	99.9290095	99.9290095	99.9290095	99.9290095	99.9290095	99.9290095	99.9290095	99.9290095	99.9290095	99.9290095	99.9290095	99.9290095	99.9290095	99.9290095	99.9290095	99.9290095	99.9290095	99.9290095	99.9290095	99.9290095	99.9290095	99.9290095	99.9290095	99.9290095	99.9290095	99.9290095	99.9290095	99.9290095	99.9290095	99.9290095	99.9290095	99.9290095	99.9290095	99.9290095	99.9290095	99.9290095	99.9290095	99.9290095	99.9290095	99.9290095	99.9290095	99.9290095	99.9290095	99.9290095	99.9290095	99.9290095	99.9290095	99.9290095	99.9290095	99.9290095	99.9290095	99.9290095
Deoxyinosine_e0	100.0	100.0	100.0	100.0	100.0	100.0	100.0	100.0	100.0	100.0	100.0	100.0	100.0	100.0	100.0	100.0	100.0	100.0	100.0	100.0	100.0	100.0	100.0	100.0	100.0	100.0	100.0	100.0	100.0	100.0	100.0	100.0	100.0	100.0	100.0	100.0	100.0	100.0	100.0	100.0	100.0	100.0	100.0	100.0	100.0	100.0	100.0	100.0	100.0	100.0	100.0	100.0	100.0	100.0	100.0	100.0	100.0	100.0	100.0	100.0	100.0	100.0	100.0	100.0	100.0	100.0	100.0	100.0	100.0	100.0	100.0	100.0	100.0	100.0	100.0	100.0	100.0	100.0	100.0	100.0	100.0	100.0	100.0	100.0	100.0	100.0	100.0	100.0	100.0	100.0	100.0	100.0	100.0	100.0	100.0	100.0	100.0	100.0	100.0	100.0	100.0	100.0	100.0	100.0	100.0	100.0	100.0	100.0	100.0	100.0	100.0	100.0	100.0	100.0	100.0	100.0	100.0	100.0	100.0	100.0	100.0	100.0	100.0	100.0	100.0	100.0	100.0	100.0	100.0	100.0	100.0	100.0	100.0	100.0	100.0	100.0	100.0	100.0	100.0	100.0	100.0	100.0	100.0	100.0	100.0	100.0	100.0	100.0	100.0	100.0	100.0	100.0	100.0	100.0	100.0	100.0	100.0	100.0	100.0	100.0	100.0	100.0	100.0	100.0	100.0	100.0	100.0	100.0	100.0	100.0	100.0	100.0	100.0	100.0	100.0	100.0	100.0	100.0	100.0	100.0	100.0	100.0	100.0	100.0	100.0	100.0	100.0	100.0	100.0	100.0	100.0	100.0	100.0	100.0	100.0	100.0	100.0	100.0	100.0	100.0
Deoxyuridine_e0	100.0	100.0	100.0	100.0	100.0	100.0	100.0	100.0	100.0	100.0	100.0	100.0	100.0	100.0	100.0	100.0	100.0	100.0	100.0	100.0	100.0	100.0	100.0	100.0	100.0	100.0	100.0	100.0	100.0	100.0	100.0	100.0	100.0	100.0	100.0	100.0	100.0	100.0	100.0	100.0	100.0	100.0	100.0	100.0	100.0	100.0	100.0	100.0	100.0	100.0	100.0	100.0	100.0	100.0	100.0	100.0	100.0	100.0	100.0	100.0	100.0	100.0	100.0	100.0	100.0	100.0	100.0	100.0	100.0	100.0	100.0	100.0	100.0	100.0	100.0	100.0	100.0	100.0	100.0	100.0	100.0	100.0	100.0	100.0	100.0	100.0	100.0	100.0	100.0	100.0	100.0	100.0	100.0	100.0	100.0	100.0	100.0	100.0	100.0	100.0	100.0	100.0	100.0	100.0	100.0	100.0	100.0	100.0	100.0	100.0	100.0	100.0	100.0	100.0	100.0	100.0	100.0	100.0	100.0	100.0	100.0	100.0	100.0	100.0	100.0	100.0	100.0	100.0	100.0	100.0	100.0	100.0	100.0	100.0	100.0	100.0	100.0	100.0	100.0	100.0	100.0	100.0	100.0	100.0	100.0	100.0	100.0	100.0	100.0	100.0	100.0	100.0	100.0	100.0	100.0	100.0	100.0	100.0	100.0	100.0	100.0	100.0	100.0	100.0	100.0	100.0	100.0	100.0	100.0	100.0	100.0	100.0	100.0	100.0	100.0	100.0	100.0	100.0	100.0	100.0	100.0	100.0	100.0	100.0	100.0	100.0	100.0	100.0	100.0	100.0	100.0	100.0	100.0	100.0	100.0	100.0	100.0	100.0	100.0	100.0
Enterobactin_e0	100.0	100.0	100.0	100.0	100.0	100.0	100.0	100.0	100.0	100.0	100.0	100.0	100.0	100.0	100.0	100.0	100.0	100.0	100.0	100.0	100.0	100.0	100.0	100.0	100.0	100.0	100.0	100.0	100.0	100.0	100.0	100.0	100.0	100.0	100.0	100.0	100.0	100.0	100.0	100.0	100.0	100.0	100.0	100.0	100.0	100.0	100.0	100.0	100.0	100.0	100.0	100.0	100.0	100.0	100.0	100.0	100.0	100.0	100.0	100.0	100.0	100.0	100.0	100.0	100.0	100.0	100.0	100.0	100.0	100.0	100.0	100.0	100.0	100.0	100.0	100.0	100.0	100.0	100.0	100.0	100.0	100.0	100.0	100.0	100.0	100.0	100.0	100.0	100.0	100.0	100.0	100.0	100.0	100.0	100.0	100.0	100.0	100.0	100.0	100.0	100.0	100.0	100.0	100.0	100.0	100.0	100.0	100.0	100.0	100.0	100.0	100.0	100.0	100.0	100.0	100.0	100.0	100.0	100.0	100.0	100.0	100.0	100.0	100.0	100.0	100.0	100.0	100.0	100.0	100.0	100.0	100.0	100.0	100.0	100.0	100.0	100.0	100.0	100.0	100.0	100.0	100.0	100.0	100.0	100.0	100.0	100.0	100.0	100.0	100.0	100.0	100.0	100.0	100.0	100.0	100.0	100.0	100.0	100.0	100.0	100.0	100.0	100.0	100.0	100.0	100.0	100.0	100.0	100.0	100.0	100.0	100.0	100.0	100.0	100.0	100.0	100.0	100.0	100.0	100.0	100.0	100.0	100.0	100.0	100.0	100.0	100.0	100.0	100.0	100.0	100.0	100.0	100.0	100.0	100.0	100.0	100.0	100.0	100.0	100.0
Fe-enterochlin_e0	100.0	100.0	100.0	100.0	100.0	100.0	100.0	100.0	100.0	100.0	100.0	100.0	100.0	100.0	100.0	100.0	100.0	100.0	100.0	100.0	100.0	100.0	100.0	100.0	100.0	100.0	100.0	100.0	100.0	100.0	100.0	100.0	100.0	100.0	100.0	100.0	100.0	100.0	100.0	100.0	100.0	100.0	100.0	100.0	100.0	100.0	100.0	100.0	100.0	100.0	100.0	100.0	100.0	100.0	100.0	100.0	100.0	100.0	100.0	100.0	100.0	100.0	100.0	100.0	100.0	100.0	100.0	100.0	100.0	100.0	100.0	100.0	100.0	100.0	100.0	100.0	100.0	100.0	100.0	100.0	100.0	100.0	100.0	100.0	100.0	100.0	100.0	100.0	100.0	100.0	100.0	100.0	100.0	100.0	100.0	100.0	100.0	100.0	100.0	100.0	100.0	100.0	100.0	100.0	100.0	100.0	100.0	100.0	100.0	100.0	100.0	100.0	100.0	100.0	100.0	100.0	100.0	100.0	100.0	100.0	100.0	100.0	100.0	100.0	100.0	100.0	100.0	100.0	100.0	100.0	100.0	100.0	100.0	100.0	100.0	100.0	100.0	100.0	100.0	100.0	100.0	100.0	100.0	100.0	100.0	100.0	100.0	100.0	100.0	100.0	100.0	100.0	100.0	100.0	100.0	100.0	100.0	100.0	100.0	100.0	100.0	100.0	100.0	100.0	100.0	100.0	100.0	100.0	100.0	100.0	100.0	100.0	100.0	100.0	100.0	100.0	100.0	100.0	100.0	100.0	100.0	100.0	100.0	100.0	100.0	100.0	100.0	100.0	100.0	100.0	100.0	100.0	100.0	100.0	100.0	100.0	100.0	100.0	100.0	100.0
Folate_e0	100.0	99.9996652	99.9992768	99.9988212	99.9982961	99.9976862	99.9969721	99.9961344	99.9951538	99.9940024	99.9926646	99.9911033	99.9892781	99.9871486	99.9846744	99.9818242	99.9785197	99.974729	99.9704222	99.9655693	99.9601498	99.9542036	99.9476011	99.9404498	99.9328571	99.9249306	99.9167778	99.9085061	99.9002185	99.8921127	99.8842804	99.8768	99.8697501	99.8631845	99.8571662	99.8516865	99.8467092	99.8421984	99.8381179	99.8344318	99.8311081	99.8280926	99.8253376	99.8228129	99.8204883	99.8183335	99.8163184	99.8144235	99.8126171	99.810884	99.809216	99.8076051	99.8060435	99.8045229	99.8030355	99.8015732	99.8001291	99.7987005	99.7972848	99.7958809	99.7944873	99.7931029	99.7917264	99.7903566	99.7889922	99.787632	99.7876304	99.78758	99.78758	99.7864556	99.7855863	99.7849139	99.7843918	99.783992	99.7836862	99.7834504	99.7832674	99.7831271	99.7830204	99.7829384	99.7828749	99.782826	99.7827889	99.7827605	99.7827385	99.7827215	99.7827086	99.7826988	99.7826912	99.7826853	99.7826808	99.7826774	99.7826748	99.7826727	99.7826712	99.78267	99.7826691	99.7826684	99.7826678	99.7826674	99.7826671	99.7826669	99.7826667	99.7826665	99.7826664	99.7826664	99.7826663	99.7826662	99.7826662	99.7826662	99.7826661	99.7826661	99.7826661	99.7826661	99.7826661	99.7826661	99.7826661	99.7826661	99.7826661	99.7826661	99.7826661	99.7826661	99.7826661	99.7826661	99.7826661	99.7826661	99.7826661	99.7826661	99.7826661	99.7826661	99.7826661	99.7826661	99.7826661	99.7826661	99.7826661	99.7826661	99.7826661	99.7826661	99.7826661	99.7826661	99.7826661	99.7826661	99.7826661	99.7826661	99.7826661	99.7826661	99.7826661	99.7826661	99.7826661	99.7826661	99.7826661	99.7826661	99.7826661	99.7826661	99.7826661	99.7826661	99.7826661	99.7826661	99.7826661	99.7826661	99.7826661	99.7826661	99.7826661	99.7826661	99.7826661	99.7826661	99.7826661	99.7826661	99.7826661	99.7826661	99.7826661	99.7826661	99.7826661	99.7826661	99.7826661	99.7826661	99.7826661	99.7826661	99.7826661	99.7826661	99.7826661	99.7826661	99.7826661	99.7826661	99.7826661	99.7826661	99.7826661	99.7826661	99.7826661	99.7826661	99.7826661	99.7826661	99.7826661	99.7826661	99.7826661	99.7826661	99.7826661	99.7826661	99.7826661	99.7826661
Formate_e0	100.0	99.9998884	99.9997589	99.9996071	99.999432	99.9992287	99.9989907	99.9987115	99.9983846	99.9980008	99.9975549	99.9970344	99.996426	99.9957162	99.9948915	99.9939414	99.9928399	99.9915763	99.9901407	99.9885231	99.9867166	99.9847345	99.9825337	99.9801499	99.977619	99.9749769	99.9722593	99.969502	99.9667395	99.9640376	99.9614268	99.9589333	99.9565834	99.9543948	99.9523887	99.9505622	99.9489031	99.9473995	99.9460393	99.9448106	99.9437027	99.9426975	99.9417792	99.9409376	99.9401628	99.9394445	99.9387728	99.9381412	99.937539	99.9369613	99.9364053	99.9358684	99.9353478	99.934841	99.9343452	99.9338577	99.9333764	99.9329002	99.9324283	99.9319603	99.9314958	99.9310343	99.9305755	99.9301189	99.9296641	99.9292107	99.9292101	99.9291933	99.9291933	99.9288185	99.9285288	99.9283046	99.9281306	99.9279973	99.9278954	99.9278168	99.9277558	99.927709	99.9276735	99.9276461	99.927625	99.9276087	99.9275963	99.9275868	99.9275795	99.9275738	99.9275695	99.9275663	99.9275637	99.9275618	99.9275603	99.9275591	99.9275583	99.9275576	99.9275571	99.9275567	99.9275564	99.9275561	99.9275559	99.9275558	99.9275557	99.9275556	99.9275556	99.9275555	99.9275555	99.9275555	99.9275554	99.9275554	99.9275554	99.9275554	99.9275554	99.9275554	99.9275554	99.9275554	99.9275554	99.9275554	99.9275554	99.9275554	99.9275554	99.9275554	99.9275554	99.9275554	99.9275554	99.9275554	99.9275554	99.9275554	99.9275554	99.9275554	99.9275554	99.9275554	99.9275554	99.9275554	99.9275554	99.9275554	99.9275554	99.9275554	99.9275554	99.9275554	99.9275554	99.9275554	99.9275554	99.9275554	99.9275554	99.9275554	99.9275554	99.9275554	99.9275554	99.9275554	99.9275554	99.9275554	99.9275554	99.9275554	99.9275554	99.9275554	99.9275554	99.9275554	99.9275554	99.9275554	99.9275554	99.9275554	99.9275554	99.9275554	99.9275554	99.9275554	99.9275554	99.9275554	99.9275554	99.9275554	99.9275554	99.9275554	99.9275554	99.9275554	99.9275554	99.9275554	99.9275554	99.9275554	99.9275554	99.9275554	99.9275554	99.9275554	99.9275554	99.9275554	99.9275554	99.9275554	99.9275554	99.9275554	99.9275554	99.9275554	99.9275554	99.9275554	99.9275554	99.9275554	99.9275554	99.9275554	99.9275554	99.9275554	99.9275554	99.9275554	99.9275554	99.9275554
Fumarate_e0	100.0	100.0	100.0	100.0	100.0	100.0	100.0	100.0	100.0	100.0	100.0	100.0	100.0	100.0	100.0	100.0	100.0	100.0	100.0	100.0	100.0	100.0	100.0	100.0	100.0	100.0	100.0	100.0	100.0	100.0	100.0	100.0	100.0	100.0	100.0	100.0	100.0	100.0	100.0	100.0	100.0	100.0	100.0	100.0	100.0	100.0	100.0	100.0	100.0	100.0	100.0	100.0	100.0	100.0	100.0	100.0	100.0	100.0	100.0	100.0	100.0	100.0	100.0	100.0	100.0	100.0	100.0	100.0	100.0	100.0	100.0	100.0	100.0	100.0	100.0	100.0	100.0	100.0	100.0	100.0	100.0	100.0	100.0	100.0	100.0	100.0	100.0	100.0	100.0	100.0	100.0	100.0	100.0	100.0	100.0	100.0	100.0	100.0	100.0	100.0	100.0	100.0	100.0	100.0	100.0	100.0	100.0	100.0	100.0	100.0	100.0	100.0	100.0	100.0	100.0	100.0	100.0	100.0	100.0	100.0	100.0	100.0	100.0	100.0	100.0	100.0	100.0	100.0	100.0	100.0	100.0	100.0	100.0	100.0	100.0	100.0	100.0	100.0	100.0	100.0	100.0	100.0	100.0	100.0	100.0	100.0	100.0	100.0	100.0	100.0	100.0	100.0	100.0	100.0	100.0	100.0	100.0	100.0	100.0	100.0	100.0	100.0	100.0	100.0	100.0	100.0	100.0	100.0	100.0	100.0	100.0	100.0	100.0	100.0	100.0	100.0	100.0	100.0	100.0	100.0	100.0	100.0	100.0	100.0	100.0	100.0	100.0	100.0	100.0	100.0	100.0	100.0	100.0	100.0	100.0	100.0	100.0	100.0	100.0	100.0
GTP_e0	100.0	99.9945987	99.9883337	99.9809868	99.9725199	99.9626887	99.9511809	99.9376841	99.9218861	99.9033408	99.8817962	99.8566549	99.8272673	99.7929838	99.7531551	99.7072775	99.6540913	99.5930834	99.5237727	99.4456779	99.3584692	99.2627889	99.1565511	99.0414853	98.9193211	98.791788	98.6606155	98.5275333	98.3941935	98.2637822	98.1377699	98.0174197	97.9039946	97.7983624	97.7015339	97.613369	97.5332879	97.4607105	97.3950569	97.3357473	97.2822681	97.2337466	97.1894163	97.1487912	97.1113849	97.0767113	97.0442841	97.0137929	96.984725	96.9568353	96.9299947	96.9040744	96.8789454	96.8544787	96.8305454	96.8070166	96.7837799	96.7607946	96.7380177	96.7154292	96.6930089	96.6707366	96.6485922	96.6265556	96.6046066	96.5827253	96.5827001	96.581889	96.5818889	96.5638017	96.5498189	96.5390013	96.5306034	96.5241718	96.5192534	96.5154601	96.5125157	96.5102598	96.5085427	96.5072243	96.5062023	96.5054164	96.5048184	96.5043612	96.5040082	96.5037353	96.5035273	96.5033688	96.5032469	96.5031524	96.5030801	96.5030251	96.5029829	96.5029503	96.5029252	96.5029061	96.5028915	96.5028802	96.5028715	96.5028649	96.5028598	96.5028559	96.5028529	96.5028506	96.5028488	96.5028475	96.5028464	96.5028457	96.502845	96.5028446	96.5028442	96.5028439	96.5028437	96.5028436	96.5028434	96.5028433	96.5028433	96.5028432	96.5028432	96.5028431	96.5028431	96.5028431	96.5028431	96.5028431	96.5028431	96.502843	96.502843	96.502843	96.502843	96.502843	96.502843	96.502843	96.502843	96.502843	96.502843	96.502843	96.502843	96.502843	96.502843	96.502843	96.502843	96.502843	96.502843	96.502843	96.502843	96.502843	96.502843	96.502843	96.502843	96.502843	96.502843	96.502843	96.502843	96.502843	96.502843	96.502843	96.502843	96.502843	96.502843	96.502843	96.502843	96.502843	96.502843	96.502843	96.502843	96.502843	96.502843	96.502843	96.502843	96.502843	96.502843	96.502843	96.502843	96.502843	96.502843	96.502843	96.502843	96.502843	96.502843	96.502843	96.502843	96.502843	96.502843	96.502843	96.502843	96.502843	96.502843	96.502843	96.502843	96.502843	96.502843	96.502843	96.502843	96.502843	96.502843	96.502843	96.502843	96.502843	96.502843	96.502843
Galactose_e0	100.0	100.0	100.0	100.0	100.0	100.0	100.0	100.0	100.0	100.0	100.0	100.0	100.0	100.0	100.0	100.0	100.0	100.0	100.0	100.0	100.0	100.0	100.0	100.0	100.0	100.0	100.0	100.0	100.0	100.0	100.0	100.0	100.0	100.0	100.0	100.0	100.0	100.0	100.0	100.0	100.0	100.0	100.0	100.0	100.0	100.0	100.0	100.0	100.0	100.0	100.0	100.0	100.0	100.0	100.0	100.0	100.0	100.0	100.0	100.0	100.0	100.0	100.0	100.0	100.0	100.0	100.0	100.0	100.0	100.0	100.0	100.0	100.0	100.0	100.0	100.0	100.0	100.0	100.0	100.0	100.0	100.0	100.0	100.0	100.0	100.0	100.0	100.0	100.0	100.0	100.0	100.0	100.0	100.0	100.0	100.0	100.0	100.0	100.0	100.0	100.0	100.0	100.0	100.0	100.0	100.0	100.0	100.0	100.0	100.0	100.0	100.0	100.0	100.0	100.0	100.0	100.0	100.0	100.0	100.0	100.0	100.0	100.0	100.0	100.0	100.0	100.0	100.0	100.0	100.0	100.0	100.0	100.0	100.0	100.0	100.0	100.0	100.0	100.0	100.0	100.0	100.0	100.0	100.0	100.0	100.0	100.0	100.0	100.0	100.0	100.0	100.0	100.0	100.0	100.0	100.0	100.0	100.0	100.0	100.0	100.0	100.0	100.0	100.0	100.0	100.0	100.0	100.0	100.0	100.0	100.0	100.0	100.0	100.0	100.0	100.0	100.0	100.0	100.0	100.0	100.0	100.0	100.0	100.0	100.0	100.0	100.0	100.0	100.0	100.0	100.0	100.0	100.0	100.0	100.0	100.0	100.0	100.0	100.0	100.0
Glucose-1-phosphate_e0	100.0	99.9996045	99.9991862	99.9987442	99.9982772	99.997784	99.9972637	99.9967153	99.9961376	99.9955303	99.9948915	99.9942211	99.993519	99.9927854	99.9920204	99.9912254	99.9903993	99.9895454	99.988667	99.9877675	99.9868504	99.9859192	99.9849812	99.9840421	99.9831081	99.982185	99.9812789	99.9803956	99.97954	99.9787177	99.9779305	99.9771793	99.9764651	99.9757888	99.9751495	99.9745454	99.9739745	99.9734349	99.9729245	99.9724413	99.9719837	99.9715493	99.9711365	99.9707441	99.9703711	99.9700164	99.9696791	99.9693584	99.9690535	99.9687638	99.9684893	99.9682298	99.9679851	99.9677549	99.9675392	99.9673377	99.9671503	99.9669771	99.9668179	99.966673	99.9665421	99.9664253	99.9663226	99.9662338	99.9661591	99.9660982	99.9660982	99.9660961	99.9660961	99.9660493	99.9660131	99.9659853	99.9659637	99.9659472	99.9659346	99.9659249	99.9659174	99.9659116	99.9659072	99.9659038	99.9659012	99.9658992	99.9658977	99.9658965	99.9658956	99.9658949	99.9658944	99.965894	99.9658937	99.9658935	99.9658933	99.9658931	99.965893	99.9658929	99.9658929	99.9658928	99.9658928	99.9658928	99.9658927	99.9658927	99.9658927	99.9658927	99.9658927	99.9658927	99.9658927	99.9658927	99.9658927	99.9658927	99.9658927	99.9658927	99.9658927	99.9658927	99.9658927	99.9658927	99.9658927	99.9658927	99.9658927	99.9658927	99.9658927	99.9658927	99.9658927	99.9658927	99.9658927	99.9658927	99.9658927	99.9658927	99.9658927	99.9658927	99.9658927	99.9658927	99.9658927	99.9658927	99.9658927	99.9658927	99.9658927	99.9658927	99.9658927	99.9658927	99.9658927	99.9658927	99.9658927	99.9658927	99.9658927	99.9658927	99.9658927	99.9658927	99.9658927	99.9658927	99.9658927	99.9658927	99.9658927	99.9658927	99.9658927	99.9658927	99.9658927	99.9658927	99.9658927	99.9658927	99.9658927	99.9658927	99.9658927	99.9658927	99.9658927	99.9658927	99.9658927	99.9658927	99.9658927	99.9658927	99.9658927	99.9658927	99.9658927	99.9658927	99.9658927	99.9658927	99.9658927	99.9658927	99.9658927	99.9658927	99.9658927	99.9658927	99.9658927	99.9658927	99.9658927	99.9658927	99.9658927	99.9658927	99.9658927	99.9658927	99.9658927	99.9658927	99.9658927	99.9658927	99.9658927	99.9658927	99.9658927	99.9658927	99.9658927	99.9658927	99.9658927	99.9658927
Glucuronate_e0	100.0	100.0	100.0	100.0	100.0	100.0	100.0	100.0	100.0	100.0	100.0	100.0	100.0	100.0	100.0	100.0	100.0	100.0	100.0	100.0	100.0	100.0	100.0	100.0	100.0	100.0	100.0	100.0	100.0	100.0	100.0	100.0	100.0	100.0	100.0	100.0	100.0	100.0	100.0	100.0	100.0	100.0	100.0	100.0	100.0	100.0	100.0	100.0	100.0	100.0	100.0	100.0	100.0	100.0	100.0	100.0	100.0	100.0	100.0	100.0	100.0	100.0	100.0	100.0	100.0	100.0	100.0	100.0	100.0	100.0	100.0	100.0	100.0	100.0	100.0	100.0	100.0	100.0	100.0	100.0	100.0	100.0	100.0	100.0	100.0	100.0	100.0	100.0	100.0	100.0	100.0	100.0	100.0	100.0	100.0	100.0	100.0	100.0	100.0	100.0	100.0	100.0	100.0	100.0	100.0	100.0	100.0	100.0	100.0	100.0	100.0	100.0	100.0	100.0	100.0	100.0	100.0	100.0	100.0	100.0	100.0	100.0	100.0	100.0	100.0	100.0	100.0	100.0	100.0	100.0	100.0	100.0	100.0	100.0	100.0	100.0	100.0	100.0	100.0	100.0	100.0	100.0	100.0	100.0	100.0	100.0	100.0	100.0	100.0	100.0	100.0	100.0	100.0	100.0	100.0	100.0	100.0	100.0	100.0	100.0	100.0	100.0	100.0	100.0	100.0	100.0	100.0	100.0	100.0	100.0	100.0	100.0	100.0	100.0	100.0	100.0	100.0	100.0	100.0	100.0	100.0	100.0	100.0	100.0	100.0	100.0	100.0	100.0	100.0	100.0	100.0	100.0	100.0	100.0	100.0	100.0	100.0	100.0	100.0	100.0
Glycerol_e0	100.0	99.997523	99.9946492	99.9912781	99.9873922	99.9828793	99.9775956	99.9713975	99.9641413	99.9556219	99.9457234	99.9341708	99.9206655	99.9049086	99.8866014	99.8655121	99.8410612	99.8130127	99.7811452	99.7452372	99.7051369	99.6611397	99.6122859	99.5593711	99.5031906	99.4445402	99.3842152	99.3230112	99.2616882	99.2017117	99.1437581	99.0884086	99.0362441	98.9876638	98.9431327	98.9025864	98.8657581	98.8323812	98.8021889	98.7749144	98.7503215	98.7280088	98.7076239	98.6889429	98.6717424	98.6557986	98.6408878	98.6268673	98.6135013	98.600677	98.588335	98.5764161	98.5648609	98.5536101	98.5426044	98.5317844	98.5210987	98.5105282	98.5000534	98.4896649	98.4793535	98.46911	98.458925	98.4487893	98.4386936	98.4286289	98.4286173	98.4282442	98.4282441	98.4199245	98.4134927	98.4085169	98.4046541	98.4016957	98.3994334	98.3976885	98.3963342	98.3952965	98.3945067	98.3939003	98.3934302	98.3930686	98.3927936	98.3925833	98.3924209	98.3922954	98.3921997	98.3921268	98.3920707	98.3920273	98.391994	98.3919687	98.3919493	98.3919343	98.3919228	98.391914	98.3919073	98.3919021	98.3918981	98.391895	98.3918927	98.3918909	98.3918895	98.3918884	98.3918876	98.391887	98.3918865	98.3918862	98.3918859	98.3918857	98.3918855	98.3918854	98.3918853	98.3918852	98.3918852	98.3918851	98.3918851	98.3918851	98.391885	98.391885	98.391885	98.391885	98.391885	98.391885	98.391885	98.391885	98.391885	98.391885	98.391885	98.391885	98.391885	98.391885	98.391885	98.391885	98.391885	98.391885	98.391885	98.391885	98.391885	98.391885	98.391885	98.391885	98.391885	98.391885	98.391885	98.391885	98.391885	98.391885	98.391885	98.391885	98.391885	98.391885	98.391885	98.391885	98.391885	98.391885	98.391885	98.391885	98.391885	98.391885	98.391885	98.391885	98.391885	98.391885	98.391885	98.391885	98.391885	98.391885	98.391885	98.391885	98.391885	98.391885	98.391885	98.391885	98.391885	98.391885	98.391885	98.391885	98.391885	98.391885	98.391885	98.391885	98.391885	98.391885	98.391885	98.391885	98.391885	98.391885	98.391885	98.391885	98.391885	98.391885	98.391885	98.391885	98.391885	98.391885	98.391885	98.391885	98.391885	98.391885
Glycine_e0	100.0	99.9800597	99.9569249	99.9297869	99.8985052	99.8621752	99.8196404	99.7697444	99.7113309	99.6427482	99.5630633	99.4700633	99.3613431	99.2344972	99.0871204	98.9173478	98.7205141	98.4947188	98.2381794	97.9491133	97.6262989	97.2721134	96.8788316	96.4528574	96.0005948	95.528448	95.0428209	94.5501175	94.0564564	93.5736346	93.1070983	92.6615246	92.2415908	91.8505106	91.4920271	91.165622	90.869148	90.6004577	90.3574039	90.1378392	89.9398624	89.7602413	89.5961385	89.4457536	89.3072861	89.1789356	89.0589014	88.9460339	88.8384352	88.7351971	88.6358419	88.5398924	88.4468708	88.3562998	88.2677019	88.1805994	88.0945769	88.0094828	87.9251586	87.8415296	87.7585212	87.6760588	87.5940678	87.5124737	87.4312017	87.3501787	87.3500852	87.3470817	87.3470813	87.2801067	87.2283298	87.1882735	87.1571769	87.1333616	87.1151493	87.1011033	87.0902004	87.0818471	87.0754887	87.0706068	87.0668224	87.0639122	87.0616981	87.0600051	87.058698	87.0576875	87.0569172	87.0563305	87.055879	87.055529	87.0552612	87.0550577	87.0549015	87.0547806	87.0546876	87.0546169	87.0545628	87.0545211	87.0544889	87.0544643	87.0544455	87.0544312	87.05442	87.0544114	87.0544048	87.0543999	87.0543961	87.0543932	87.0543909	87.0543891	87.0543878	87.0543868	87.054386	87.0543854	87.054385	87.0543846	87.0543843	87.0543841	87.0543839	87.0543838	87.0543837	87.0543837	87.0543836	87.0543836	87.0543835	87.0543835	87.0543835	87.0543835	87.0543835	87.0543835	87.0543835	87.0543834	87.0543834	87.0543834	87.0543834	87.0543834	87.0543834	87.0543834	87.0543834	87.0543834	87.0543834	87.0543834	87.0543834	87.0543834	87.0543834	87.0543834	87.0543834	87.0543834	87.0543834	87.0543834	87.0543834	87.0543834	87.0543834	87.0543834	87.0543834	87.0543834	87.0543834	87.0543834	87.0543834	87.0543834	87.0543834	87.0543834	87.0543834	87.0543834	87.0543834	87.0543834	87.0543834	87.0543834	87.0543834	87.0543834	87.0543834	87.0543834	87.0543834	87.0543834	87.0543834	87.0543834	87.0543834	87.0543834	87.0543834	87.0543834	87.0543834	87.0543834	87.0543834	87.0543834	87.0543834	87.0543834	87.0543834	87.0543834	87.0543834	87.0543834	87.0543834	87.0543834	87.0543834	87.0543834	87.0543834	87.0543834	87.0543834	87.0543834	87.0543834	87.0543834
H+_e0	100.0	100.4268795	100.8992134	101.4258458	102.0089239	102.6582985	103.3863545	104.2054771	105.1280512	106.1712331	107.3455639	108.6737393	110.1802843	111.8897236	113.8265821	116.0090967	118.4854867	121.2733474	124.3889716	127.8486519	131.6629831	135.8055494	140.3512832	145.2314186	150.3771899	155.7198313	161.190577	166.7206613	172.2449348	177.6396548	182.8483144	187.8225533	192.5140116	196.8894791	200.9111751	204.5854155	207.9352497	210.9837267	213.753896	216.2688066	218.5488609	220.6283209	222.5371765	224.2944024	225.9189733	227.4298639	228.846049	230.1796481	231.450572	232.6683229	233.8378766	234.9642086	236.0522944	237.1071099	238.1336304	239.1368318	240.1210649	241.0878583	242.0387899	242.9746399	243.8961885	244.8042158	245.6995021	246.5828275	247.4549723	248.3167072	248.3176928	248.3505702	248.3505745	249.1132069	249.7026979	250.1586982	250.5126769	250.7837511	250.9910378	251.1508996	251.2749855	251.3700524	251.442414	251.4979712	251.541039	251.5741581	251.5993542	251.6186208	251.6334963	251.6449949	251.6537608	251.6604378	251.6655764	251.669559	251.6726064	251.6749228	251.6766994	251.6780758	251.6791341	251.6799389	251.680554	251.6810287	251.6813957	251.6816755	251.6818885	251.6820516	251.682179	251.6822772	251.6823517	251.6824079	251.6824509	251.6824841	251.6825103	251.6825306	251.682546	251.6825575	251.682566	251.6825727	251.6825778	251.6825819	251.6825851	251.6825877	251.6825896	251.682591	251.682592	251.6825928	251.6825933	251.6825938	251.6825941	251.6825943	251.6825946	251.6825948	251.6825949	251.6825951	251.6825952	251.6825952	251.6825953	251.6825953	251.6825953	251.6825954	251.6825954	251.6825954	251.6825954	251.6825954	251.6825954	251.6825954	251.6825954	251.6825954	251.6825954	251.6825954	251.6825954	251.6825954	251.6825954	251.6825954	251.6825954	251.6825954	251.6825954	251.6825954	251.6825954	251.6825954	251.6825954	251.6825954	251.6825954	251.6825954	251.6825954	251.6825954	251.6825954	251.6825954	251.6825954	251.6825954	251.6825954	251.6825954	251.6825954	251.6825954	251.6825954	251.6825954	251.6825954	251.6825954	251.6825954	251.6825954	251.6825954	251.6825954	251.6825954	251.6825954	251.6825954	251.6825954	251.6825954	251.6825954	251.6825954	251.6825954	251.6825954	251.6825954	251.6825954	251.6825954	251.6825954	251.6825954	251.6825954	251.6825954	251.6825954	251.6825954	251.6825954	251.6825954	251.6825954	251.6825954
H2O_e0	100.0	100.4824436	101.0465597	101.7135292	102.4869203	103.3904359	104.4544188	105.7092113	107.1851561	108.9256901	110.9551924	113.331911	116.1191937	119.3803885	123.1788434	127.5638182	132.6580544	138.5119457	145.1727958	152.6879087	161.089809	170.3163096	180.5715913	191.687658	203.4965134	215.8301615	228.5206061	241.399851	254.3072862	266.9328806	279.13339	290.7857651	301.7669567	311.9924108	321.3634791	329.8936126	337.6391441	344.6564066	351.001733	356.731456	361.89545	366.5785913	370.855403	374.7731851	378.3792375	381.7208603	384.8453535	387.7829213	390.5834402	393.2707839	395.8575077	398.3561665	400.7793155	403.1395097	405.4493043	407.7212543	409.9662841	412.1883866	414.3917455	416.5783221	418.7500774	420.9089727	423.0569693	425.1960282	427.3281107	429.4551403	429.4575922	429.5375169	429.5375273	431.3484981	432.7485322	433.8316487	434.6724984	435.3164636	435.8089265	436.1887315	436.4835455	436.7094194	436.8813512	437.0133576	437.1156886	437.1943819	437.2542501	437.3000299	437.3353754	437.3626975	437.3835263	437.3993918	437.4116017	437.4210649	437.4283059	437.4338098	437.4380314	437.4413019	437.4438165	437.4457289	437.4471905	437.4483184	437.4491904	437.4498552	437.4503614	437.450749	437.4510517	437.4512851	437.451462	437.4515955	437.4516978	437.4517766	437.451839	437.4518872	437.4519237	437.4519509	437.4519713	437.4519871	437.4519991	437.4520089	437.4520167	437.4520227	437.4520273	437.4520307	437.4520331	437.4520348	437.4520361	437.4520372	437.4520379	437.4520386	437.4520391	437.4520396	437.45204	437.4520403	437.4520405	437.4520407	437.4520408	437.4520409	437.452041	437.452041	437.452041	437.452041	437.452041	437.452041	437.452041	437.452041	437.452041	437.452041	437.452041	437.452041	437.452041	437.452041	437.452041	437.452041	437.452041	437.452041	437.452041	437.452041	437.452041	437.452041	437.452041	437.452041	437.452041	437.452041	437.452041	437.452041	437.452041	437.452041	437.452041	437.452041	437.452041	437.452041	437.452041	437.452041	437.452041	437.452041	437.452041	437.452041	437.452041	437.452041	437.452041	437.452041	437.452041	437.452041	437.452041	437.452041	437.452041	437.452041	437.452041	437.452041	437.452041	437.452041	437.452041	437.452041	437.452041	437.452041	437.452041	437.452041	437.452041	437.452041	437.452041	437.452041	437.452041	437.452041
HYXN_e0	100.0	100.0	100.0	100.0	100.0	100.0	100.0	100.0	100.0	100.0	100.0	100.0	100.0	100.0	100.0	100.0	100.0	100.0	100.0	100.0	100.0	100.0	100.0	100.0	100.0	100.0	100.0	100.0	100.0	100.0	100.0	100.0	100.0	100.0	100.0	100.0	100.0	100.0	100.0	100.0	100.0	100.0	100.0	100.0	100.0	100.0	100.0	100.0	100.0	100.0	100.0	100.0	100.0	100.0	100.0	100.0	100.0	100.0	100.0	100.0	100.0	100.0	100.0	100.0	100.0	100.0	100.0	100.0	100.0	100.0	100.0	100.0	100.0	100.0	100.0	100.0	100.0	100.0	100.0	100.0	100.0	100.0	100.0	100.0	100.0	100.0	100.0	100.0	100.0	100.0	100.0	100.0	100.0	100.0	100.0	100.0	100.0	100.0	100.0	100.0	100.0	100.0	100.0	100.0	100.0	100.0	100.0	100.0	100.0	100.0	100.0	100.0	100.0	100.0	100.0	100.0	100.0	100.0	100.0	100.0	100.0	100.0	100.0	100.0	100.0	100.0	100.0	100.0	100.0	100.0	100.0	100.0	100.0	100.0	100.0	100.0	100.0	100.0	100.0	100.0	100.0	100.0	100.0	100.0	100.0	100.0	100.0	100.0	100.0	100.0	100.0	100.0	100.0	100.0	100.0	100.0	100.0	100.0	100.0	100.0	100.0	100.0	100.0	100.0	100.0	100.0	100.0	100.0	100.0	100.0	100.0	100.0	100.0	100.0	100.0	100.0	100.0	100.0	100.0	100.0	100.0	100.0	100.0	100.0	100.0	100.0	100.0	100.0	100.0	100.0	100.0	100.0	100.0	100.0	100.0	100.0	100.0	100.0	100.0	100.0
Heme_e0	100.0	99.9998884	99.9997589	99.9996071	99.999432	99.9992287	99.9989907	99.9987115	99.9983846	99.9980008	99.9975549	99.9970344	99.996426	99.9957162	99.9948915	99.9939414	99.9928399	99.9915763	99.9901407	99.9885231	99.9867166	99.9847345	99.9825337	99.9801499	99.977619	99.9749769	99.9722593	99.969502	99.9667395	99.9640376	99.9614268	99.9589333	99.9565834	99.9543948	99.9523887	99.9505622	99.9489031	99.9473995	99.9460393	99.9448106	99.9437027	99.9426975	99.9417792	99.9409376	99.9401628	99.9394445	99.9387728	99.9381412	99.937539	99.9369613	99.9364053	99.9358684	99.9353478	99.934841	99.9343452	99.9338577	99.9333764	99.9329002	99.9324283	99.9319603	99.9314958	99.9310343	99.9305755	99.9301189	99.9296641	99.9292107	99.9292101	99.9291933	99.9291933	99.9288185	99.9285288	99.9283046	99.9281306	99.9279973	99.9278954	99.9278168	99.9277558	99.927709	99.9276735	99.9276461	99.927625	99.9276087	99.9275963	99.9275868	99.9275795	99.9275738	99.9275695	99.9275663	99.9275637	99.9275618	99.9275603	99.9275591	99.9275583	99.9275576	99.9275571	99.9275567	99.9275564	99.9275561	99.9275559	99.9275558	99.9275557	99.9275556	99.9275556	99.9275555	99.9275555	99.9275555	99.9275554	99.9275554	99.9275554	99.9275554	99.9275554	99.9275554	99.9275554	99.9275554	99.9275554	99.9275554	99.9275554	99.9275554	99.9275554	99.9275554	99.9275554	99.9275554	99.9275554	99.9275554	99.9275554	99.9275554	99.9275554	99.9275554	99.9275554	99.9275554	99.9275554	99.9275554	99.9275554	99.9275554	99.9275554	99.9275554	99.9275554	99.9275554	99.9275554	99.9275554	99.9275554	99.9275554	99.9275554	99.9275554	99.9275554	99.9275554	99.9275554	99.9275554	99.9275554	99.9275554	99.9275554	99.9275554	99.9275554	99.9275554	99.9275554	99.9275554	99.9275554	99.9275554	99.9275554	99.9275554	99.9275554	99.9275554	99.9275554	99.9275554	99.9275554	99.9275554	99.9275554	99.9275554	99.9275554	99.9275554	99.9275554	99.9275554	99.9275554	99.9275554	99.9275554	99.9275554	99.9275554	99.9275554	99.9275554	99.9275554	99.9275554	99.9275554	99.9275554	99.9275554	99.9275554	99.9275554	99.9275554	99.9275554	99.9275554	99.9275554	99.9275554	99.9275554	99.9275554	99.9275554	99.9275554	99.9275554	99.9275554	99.9275554	99.9275554	99.9275554
Inosine_e0	100.0	100.0	100.0	100.0	100.0	100.0	100.0	100.0	100.0	100.0	100.0	100.0	100.0	100.0	100.0	100.0	100.0	100.0	100.0	100.0	100.0	100.0	100.0	100.0	100.0	100.0	100.0	100.0	100.0	100.0	100.0	100.0	100.0	100.0	100.0	100.0	100.0	100.0	100.0	100.0	100.0	100.0	100.0	100.0	100.0	100.0	100.0	100.0	100.0	100.0	100.0	100.0	100.0	100.0	100.0	100.0	100.0	100.0	100.0	100.0	100.0	100.0	100.0	100.0	100.0	100.0	100.0	100.0	100.0	100.0	100.0	100.0	100.0	100.0	100.0	100.0	100.0	100.0	100.0	100.0	100.0	100.0	100.0	100.0	100.0	100.0	100.0	100.0	100.0	100.0	100.0	100.0	100.0	100.0	100.0	100.0	100.0	100.0	100.0	100.0	100.0	100.0	100.0	100.0	100.0	100.0	100.0	100.0	100.0	100.0	100.0	100.0	100.0	100.0	100.0	100.0	100.0	100.0	100.0	100.0	100.0	100.0	100.0	100.0	100.0	100.0	100.0	100.0	100.0	100.0	100.0	100.0	100.0	100.0	100.0	100.0	100.0	100.0	100.0	100.0	100.0	100.0	100.0	100.0	100.0	100.0	100.0	100.0	100.0	100.0	100.0	100.0	100.0	100.0	100.0	100.0	100.0	100.0	100.0	100.0	100.0	100.0	100.0	100.0	100.0	100.0	100.0	100.0	100.0	100.0	100.0	100.0	100.0	100.0	100.0	100.0	100.0	100.0	100.0	100.0	100.0	100.0	100.0	100.0	100.0	100.0	100.0	100.0	100.0	100.0	100.0	100.0	100.0	100.0	100.0	100.0	100.0	100.0	100.0	100.0
K+_e0	100.0	99.9998884	99.9997589	99.9996071	99.999432	99.9992287	99.9989907	99.9987115	99.9983846	99.9980008	99.9975549	99.9970344	99.996426	99.9957162	99.9948915	99.9939414	99.9928399	99.9915763	99.9901407	99.9885231	99.9867166	99.9847345	99.9825337	99.9801499	99.977619	99.9749769	99.9722593	99.969502	99.9667395	99.9640376	99.9614268	99.9589333	99.9565834	99.9543948	99.9523887	99.9505622	99.9489031	99.9473995	99.9460393	99.9448106	99.9437027	99.9426975	99.9417792	99.9409376	99.9401628	99.9394445	99.9387728	99.9381412	99.937539	99.9369613	99.9364053	99.9358684	99.9353478	99.934841	99.9343452	99.9338577	99.9333764	99.9329002	99.9324283	99.9319603	99.9314958	99.9310343	99.9305755	99.9301189	99.9296641	99.9292107	99.9292101	99.9291933	99.9291933	99.9288185	99.9285288	99.9283046	99.9281306	99.9279973	99.9278954	99.9278168	99.9277558	99.927709	99.9276735	99.9276461	99.927625	99.9276087	99.9275963	99.9275868	99.9275795	99.9275738	99.9275695	99.9275663	99.9275637	99.9275618	99.9275603	99.9275591	99.9275583	99.9275576	99.9275571	99.9275567	99.9275564	99.9275561	99.9275559	99.9275558	99.9275557	99.9275556	99.9275556	99.9275555	99.9275555	99.9275555	99.9275554	99.9275554	99.9275554	99.9275554	99.9275554	99.9275554	99.9275554	99.9275554	99.9275554	99.9275554	99.9275554	99.9275554	99.9275554	99.9275554	99.9275554	99.9275554	99.9275554	99.9275554	99.9275554	99.9275554	99.9275554	99.9275554	99.9275554	99.9275554	99.9275554	99.9275554	99.9275554	99.9275554	99.9275554	99.9275554	99.9275554	99.9275554	99.9275554	99.9275554	99.9275554	99.9275554	99.9275554	99.9275554	99.9275554	99.9275554	99.9275554	99.9275554	99.9275554	99.9275554	99.9275554	99.9275554	99.9275554	99.9275554	99.9275554	99.9275554	99.9275554	99.9275554	99.9275554	99.9275554	99.9275554	99.9275554	99.9275554	99.9275554	99.9275554	99.9275554	99.9275554	99.9275554	99.9275554	99.9275554	99.9275554	99.9275554	99.9275554	99.9275554	99.9275554	99.9275554	99.9275554	99.9275554	99.9275554	99.9275554	99.9275554	99.9275554	99.9275554	99.9275554	99.9275554	99.9275554	99.9275554	99.9275554	99.9275554	99.9275554	99.9275554	99.9275554	99.9275554	99.9275554	99.9275554	99.9275554	99.9275554	99.9275554	99.9275554	99.9275554
L-Alanine_e0	100.0	99.9819886	99.9610916	99.9365788	99.908323	99.8755072	99.8370869	99.7920175	99.7392544	99.6773059	99.605329	99.5213251	99.4231216	99.3085458	99.175425	99.0220748	98.8442812	98.6403275	98.4086036	98.1474994	97.8559115	97.535987	97.1807481	96.7959792	96.3874649	95.9609897	95.5223382	95.077295	94.6313866	94.195269	93.7738617	93.3713892	92.9920764	92.6388261	92.3150194	92.020188	91.7523925	91.5096932	91.2901504	91.0918246	90.9129985	90.7507525	90.6025237	90.4666858	90.3416125	90.2256775	90.1172545	90.0153049	89.9181144	89.8248627	89.7351184	89.6484502	89.5644268	89.4826169	89.4025892	89.3239124	89.246211	89.1693482	89.0931808	89.0176414	88.9426625	88.8681769	88.7941171	88.7204157	88.6470053	88.5738198	88.5737353	88.5710223	88.571022	88.510526	88.4637576	88.427576	88.3994875	88.3779759	88.3615252	88.3488379	88.3389897	88.3314444	88.3257011	88.3212914	88.3178731	88.3152444	88.3132445	88.3117152	88.3105345	88.3096219	88.3089261	88.3083961	88.3079882	88.3076721	88.3074302	88.3072464	88.3071053	88.3069961	88.3069121	88.3068482	88.3067994	88.3067617	88.3067326	88.3067104	88.3066935	88.3066805	88.3066704	88.3066626	88.3066567	88.3066522	88.3066488	88.3066462	88.3066441	88.3066425	88.3066413	88.3066404	88.3066397	88.3066392	88.3066388	88.3066384	88.3066382	88.306638	88.3066378	88.3066377	88.3066376	88.3066376	88.3066375	88.3066375	88.3066375	88.3066374	88.3066374	88.3066374	88.3066374	88.3066374	88.3066374	88.3066374	88.3066374	88.3066374	88.3066374	88.3066374	88.3066374	88.3066374	88.3066374	88.3066374	88.3066374	88.3066374	88.3066374	88.3066374	88.3066374	88.3066374	88.3066374	88.3066374	88.3066374	88.3066374	88.3066374	88.3066374	88.3066374	88.3066374	88.3066374	88.3066374	88.3066374	88.3066374	88.3066374	88.3066374	88.3066374	88.3066374	88.3066374	88.3066374	88.3066374	88.3066374	88.3066374	88.3066374	88.3066374	88.3066374	88.3066374	88.3066374	88.3066374	88.3066374	88.3066374	88.3066374	88.3066374	88.3066374	88.3066374	88.3066374	88.3066374	88.3066374	88.3066374	88.3066374	88.3066374	88.3066374	88.3066374	88.3066374	88.3066374	88.3066374	88.3066374	88.3066374	88.3066374	88.3066374	88.3066374	88.3066374	88.3066374	88.3066374	88.3066374	88.3066374
L-Arabinose_e0	100.0	100.0	100.0	100.0	100.0	100.0	100.0	100.0	100.0	100.0	100.0	100.0	100.0	100.0	100.0	100.0	100.0	100.0	100.0	100.0	100.0	100.0	100.0	100.0	100.0	100.0	100.0	100.0	100.0	100.0	100.0	100.0	100.0	100.0	100.0	100.0	100.0	100.0	100.0	100.0	100.0	100.0	100.0	100.0	100.0	100.0	100.0	100.0	100.0	100.0	100.0	100.0	100.0	100.0	100.0	100.0	100.0	100.0	100.0	100.0	100.0	100.0	100.0	100.0	100.0	100.0	100.0	100.0	100.0	100.0	100.0	100.0	100.0	100.0	100.0	100.0	100.0	100.0	100.0	100.0	100.0	100.0	100.0	100.0	100.0	100.0	100.0	100.0	100.0	100.0	100.0	100.0	100.0	100.0	100.0	100.0	100.0	100.0	100.0	100.0	100.0	100.0	100.0	100.0	100.0	100.0	100.0	100.0	100.0	100.0	100.0	100.0	100.0	100.0	100.0	100.0	100.0	100.0	100.0	100.0	100.0	100.0	100.0	100.0	100.0	100.0	100.0	100.0	100.0	100.0	100.0	100.0	100.0	100.0	100.0	100.0	100.0	100.0	100.0	100.0	100.0	100.0	100.0	100.0	100.0	100.0	100.0	100.0	100.0	100.0	100.0	100.0	100.0	100.0	100.0	100.0	100.0	100.0	100.0	100.0	100.0	100.0	100.0	100.0	100.0	100.0	100.0	100.0	100.0	100.0	100.0	100.0	100.0	100.0	100.0	100.0	100.0	100.0	100.0	100.0	100.0	100.0	100.0	100.0	100.0	100.0	100.0	100.0	100.0	100.0	100.0	100.0	100.0	100.0	100.0	100.0	100.0	100.0	100.0	100.0
L-Arginine_e0	100.0	99.9901901	99.9788085	99.9654576	99.950068	99.9321949	99.9112693	99.8867222	99.8579847	99.8242444	99.7850421	99.7392894	99.6858027	99.6233989	99.5508946	99.4673723	99.3705369	99.2594534	99.1332448	98.9910342	98.8322206	98.6579735	98.4644923	98.2549276	98.03243	97.80015	97.5612381	97.318845	97.0759807	96.8384489	96.6089291	96.3897221	96.1831291	95.9907311	95.8143695	95.6537894	95.5079344	95.375748	95.2561739	95.1481556	95.0507578	94.9623904	94.8816575	94.8076733	94.739552	94.6764079	94.6173552	94.5618283	94.5088935	94.4581038	94.4092245	94.3620206	94.3162572	94.2716994	94.2281122	94.1852608	94.1429407	94.1010773	94.0595927	94.0184501	93.9776128	93.9370442	93.8967074	93.8565659	93.8165829	93.7767224	93.7766763	93.7751987	93.7751985	93.7422493	93.7167769	93.6970706	93.6817721	93.6700558	93.661096	93.6541858	93.648822	93.6447124	93.6415843	93.6391826	93.6373208	93.6358891	93.6347998	93.6339669	93.6333238	93.6328268	93.6324478	93.6321591	93.631937	93.6317648	93.6316331	93.6315329	93.6314561	93.6313966	93.6313509	93.6313161	93.6312895	93.631269	93.6312531	93.631241	93.6312318	93.6312248	93.6312192	93.631215	93.6312118	93.6312094	93.6312075	93.6312061	93.6312049	93.631204	93.6312034	93.6312029	93.6312025	93.6312022	93.631202	93.6312018	93.6312017	93.6312016	93.6312015	93.6312014	93.6312014	93.6312014	93.6312013	93.6312013	93.6312013	93.6312013	93.6312013	93.6312013	93.6312013	93.6312013	93.6312013	93.6312013	93.6312013	93.6312012	93.6312012	93.6312012	93.6312012	93.6312012	93.6312012	93.6312012	93.6312012	93.6312012	93.6312012	93.6312012	93.6312012	93.6312012	93.6312012	93.6312012	93.6312012	93.6312012	93.6312012	93.6312012	93.6312012	93.6312012	93.6312012	93.6312012	93.6312012	93.6312012	93.6312012	93.6312012	93.6312012	93.6312012	93.6312012	93.6312012	93.6312012	93.6312012	93.6312012	93.6312012	93.6312012	93.6312012	93.6312012	93.6312012	93.6312012	93.6312012	93.6312012	93.6312012	93.6312012	93.6312012	93.6312012	93.6312012	93.6312012	93.6312012	93.6312012	93.6312012	93.6312012	93.6312012	93.6312012	93.6312012	93.6312012	93.6312012	93.6312012	93.6312012	93.6312012	93.6312012	93.6312012	93.6312012	93.6312012	93.6312012	93.6312012	93.6312012
L-Ascorbate_e0	100.0	100.0	100.0	100.0	100.0	100.0	100.0	100.0	100.0	100.0	100.0	100.0	100.0	100.0	100.0	100.0	100.0	100.0	100.0	100.0	100.0	100.0	100.0	100.0	100.0	100.0	100.0	100.0	100.0	100.0	100.0	100.0	100.0	100.0	100.0	100.0	100.0	100.0	100.0	100.0	100.0	100.0	100.0	100.0	100.0	100.0	100.0	100.0	100.0	100.0	100.0	100.0	100.0	100.0	100.0	100.0	100.0	100.0	100.0	100.0	100.0	100.0	100.0	100.0	100.0	100.0	100.0	100.0	100.0	100.0	100.0	100.0	100.0	100.0	100.0	100.0	100.0	100.0	100.0	100.0	100.0	100.0	100.0	100.0	100.0	100.0	100.0	100.0	100.0	100.0	100.0	100.0	100.0	100.0	100.0	100.0	100.0	100.0	100.0	100.0	100.0	100.0	100.0	100.0	100.0	100.0	100.0	100.0	100.0	100.0	100.0	100.0	100.0	100.0	100.0	100.0	100.0	100.0	100.0	100.0	100.0	100.0	100.0	100.0	100.0	100.0	100.0	100.0	100.0	100.0	100.0	100.0	100.0	100.0	100.0	100.0	100.0	100.0	100.0	100.0	100.0	100.0	100.0	100.0	100.0	100.0	100.0	100.0	100.0	100.0	100.0	100.0	100.0	100.0	100.0	100.0	100.0	100.0	100.0	100.0	100.0	100.0	100.0	100.0	100.0	100.0	100.0	100.0	100.0	100.0	100.0	100.0	100.0	100.0	100.0	100.0	100.0	100.0	100.0	100.0	100.0	100.0	100.0	100.0	100.0	100.0	100.0	100.0	100.0	100.0	100.0	100.0	100.0	100.0	100.0	100.0	100.0	100.0	100.0	100.0
L-Asparagine_e0	100.0	99.9920139	99.9827485	99.9718797	99.9593514	99.9448013	99.9277661	99.9077829	99.8843883	99.856921	99.8250072	99.7877608	99.7442185	99.6934168	99.6343925	99.5663987	99.487567	99.3971362	99.2943924	99.1786217	99.0493348	98.9074838	98.7499748	98.5793725	98.3982418	98.2091474	98.0146541	97.8173269	97.619616	97.4262463	97.2393989	97.0609471	96.892764	96.7361367	96.5925644	96.4618394	96.3431018	96.2354916	96.1381488	96.0502133	95.9709238	95.8989857	95.8332627	95.7730336	95.7175775	95.6661732	95.6180997	95.5728963	95.5298032	95.4884564	95.4486647	95.410237	95.372982	95.3367084	95.3012249	95.2663405	95.2318886	95.1978085	95.1640367	95.1305433	95.0972985	95.0642724	95.0314351	94.9987567	94.9662074	94.9337577	94.9337203	94.9325174	94.9325172	94.9056939	94.8849574	94.8689149	94.8564607	94.8469227	94.8396287	94.8340032	94.8296367	94.8262912	94.8237446	94.8217895	94.8202738	94.8191082	94.8182215	94.8175435	94.81702	94.8166153	94.8163068	94.8160718	94.8158909	94.8157508	94.8156435	94.815562	94.8154995	94.815451	94.8154138	94.8153855	94.8153638	94.8153471	94.8153342	94.8153244	94.8153169	94.8153111	94.8153066	94.8153032	94.8153006	94.8152986	94.8152971	94.8152959	94.815295	94.8152943	94.8152937	94.8152933	94.815293	94.8152928	94.8152926	94.8152925	94.8152923	94.8152923	94.8152922	94.8152921	94.8152921	94.8152921	94.8152921	94.815292	94.815292	94.815292	94.815292	94.815292	94.815292	94.815292	94.815292	94.815292	94.815292	94.815292	94.815292	94.815292	94.815292	94.815292	94.815292	94.815292	94.815292	94.815292	94.815292	94.815292	94.815292	94.815292	94.815292	94.815292	94.815292	94.815292	94.815292	94.815292	94.815292	94.815292	94.815292	94.815292	94.815292	94.815292	94.815292	94.815292	94.815292	94.815292	94.815292	94.815292	94.815292	94.815292	94.815292	94.815292	94.815292	94.815292	94.815292	94.815292	94.815292	94.815292	94.815292	94.815292	94.815292	94.815292	94.815292	94.815292	94.815292	94.815292	94.815292	94.815292	94.815292	94.815292	94.815292	94.815292	94.815292	94.815292	94.815292	94.815292	94.815292	94.815292	94.815292	94.815292	94.815292	94.815292	94.815292	94.815292
L-Aspartate_e0	100.0	99.9920139	99.9827485	99.9718797	99.9593514	99.9448013	99.9277661	99.9077829	99.8843883	99.856921	99.8250072	99.7877608	99.7442185	99.6934168	99.6343925	99.5663987	99.487567	99.3971362	99.2943924	99.1786217	99.0493348	98.9074838	98.7499748	98.5793725	98.3982418	98.2091474	98.0146541	97.8173269	97.619616	97.4262463	97.2393989	97.0609471	96.892764	96.7361367	96.5925644	96.4618394	96.3431018	96.2354916	96.1381488	96.0502133	95.9709238	95.8989857	95.8332627	95.7730336	95.7175775	95.6661732	95.6180997	95.5728963	95.5298032	95.4884564	95.4486647	95.410237	95.372982	95.3367084	95.3012249	95.2663405	95.2318886	95.1978085	95.1640367	95.1305433	95.0972985	95.0642724	95.0314351	94.9987567	94.9662074	94.9337577	94.9337203	94.9325174	94.9325172	94.9056939	94.8849574	94.8689149	94.8564607	94.8469227	94.8396287	94.8340032	94.8296367	94.8262912	94.8237446	94.8217895	94.8202738	94.8191082	94.8182215	94.8175435	94.81702	94.8166153	94.8163068	94.8160718	94.8158909	94.8157508	94.8156435	94.815562	94.8154995	94.815451	94.8154138	94.8153855	94.8153638	94.8153471	94.8153342	94.8153244	94.8153169	94.8153111	94.8153066	94.8153032	94.8153006	94.8152986	94.8152971	94.8152959	94.815295	94.8152943	94.8152937	94.8152933	94.815293	94.8152928	94.8152926	94.8152925	94.8152923	94.8152923	94.8152922	94.8152921	94.8152921	94.8152921	94.8152921	94.815292	94.815292	94.815292	94.815292	94.815292	94.815292	94.815292	94.815292	94.815292	94.815292	94.815292	94.815292	94.815292	94.815292	94.815292	94.815292	94.815292	94.815292	94.815292	94.815292	94.815292	94.815292	94.815292	94.815292	94.815292	94.815292	94.815292	94.815292	94.815292	94.815292	94.815292	94.815292	94.815292	94.815292	94.815292	94.815292	94.815292	94.815292	94.815292	94.815292	94.815292	94.815292	94.815292	94.815292	94.815292	94.815292	94.815292	94.815292	94.815292	94.815292	94.815292	94.815292	94.815292	94.815292	94.815292	94.815292	94.815292	94.815292	94.815292	94.815292	94.815292	94.815292	94.815292	94.815292	94.815292	94.815292	94.815292	94.815292	94.815292	94.815292	94.815292	94.815292	94.815292	94.815292	94.815292	94.815292	94.815292
L-Cysteine_e0	100.0	99.996972	99.9934589	99.989338	99.9845878	99.979071	99.972612	99.9650352	99.956165	99.9457505	99.9336502	99.9195279	99.9030185	99.8837567	99.8613772	99.8355969	99.8057072	99.7714197	99.7324636	99.6885683	99.6395482	99.5857644	99.5260437	99.4613585	99.3926815	99.3209849	99.2472414	99.1724233	99.0974597	99.0241422	98.9532976	98.8856363	98.8218684	98.762482	98.7080455	98.6584801	98.6134599	98.5726587	98.5357504	98.502409	98.4723458	98.44507	98.4201506	98.3973143	98.3762877	98.3567974	98.3385699	98.3214308	98.3050917	98.2894147	98.2743274	98.2597573	98.2456317	98.2318783	98.2184245	98.2051978	98.1921351	98.1792134	98.1664086	98.1537093	98.1411043	98.1285822	98.1161317	98.1037415	98.0914001	98.0790966	98.0790824	98.0786263	98.0786263	98.068456	98.0605936	98.054511	98.0497889	98.0461725	98.0434069	98.041274	98.0396183	98.0383499	98.0373843	98.036643	98.0360683	98.0356264	98.0352902	98.0350331	98.0348346	98.0346812	98.0345642	98.0344751	98.0344065	98.0343534	98.0343127	98.0342818	98.0342581	98.0342398	98.0342256	98.0342149	98.0342067	98.0342004	98.0341955	98.0341917	98.0341889	98.0341867	98.034185	98.0341837	98.0341827	98.0341819	98.0341814	98.0341809	98.0341806	98.0341803	98.0341801	98.03418	98.0341798	98.0341797	98.0341797	98.0341796	98.0341796	98.0341795	98.0341795	98.0341795	98.0341795	98.0341795	98.0341795	98.0341795	98.0341795	98.0341795	98.0341795	98.0341795	98.0341795	98.0341795	98.0341794	98.0341794	98.0341794	98.0341794	98.0341794	98.0341794	98.0341794	98.0341794	98.0341794	98.0341794	98.0341794	98.0341794	98.0341794	98.0341794	98.0341794	98.0341794	98.0341794	98.0341794	98.0341794	98.0341794	98.0341794	98.0341794	98.0341794	98.0341794	98.0341794	98.0341794	98.0341794	98.0341794	98.0341794	98.0341794	98.0341794	98.0341794	98.0341794	98.0341794	98.0341794	98.0341794	98.0341794	98.0341794	98.0341794	98.0341794	98.0341794	98.0341794	98.0341794	98.0341794	98.0341794	98.0341794	98.0341794	98.0341794	98.0341794	98.0341794	98.0341794	98.0341794	98.0341794	98.0341794	98.0341794	98.0341794	98.0341794	98.0341794	98.0341794	98.0341794	98.0341794	98.0341794	98.0341794	98.0341794	98.0341794	98.0341794	98.0341794	98.0341794	98.0341794	98.0341794
L-Glutamate_e0	100.0	99.9899145	99.9782063	99.9644638	99.9486158	99.9302018	99.9086331	99.8833212	99.8536774	99.8188608	99.7783966	99.7311582	99.675921	99.6114601	99.5365509	99.4502436	99.3501629	99.2353406	99.1048685	98.9578384	98.7936278	98.6134463	98.4133594	98.1966268	97.9665081	97.726263	97.4791514	97.2284328	96.9772218	96.7315242	96.4941127	96.2673686	96.0536732	95.8546626	95.672243	95.5061507	95.3552927	95.2185761	95.0949077	94.9831945	94.882469	94.7910856	94.7076	94.6310956	94.5606558	94.4953642	94.4343041	94.3768901	94.3221562	94.26964	94.2190983	94.170288	94.1229661	94.0768894	94.0318148	93.9874993	93.9437313	93.9004336	93.8575255	93.8149689	93.7727259	93.7307586	93.6890288	93.6474988	93.6061304	93.5648864	93.5648387	93.5633098	93.5633096	93.5292162	93.5028592	93.4824685	93.4666388	93.4545156	93.4452446	93.4380945	93.4325443	93.4282921	93.4250553	93.4225702	93.4206438	93.4191623	93.4180352	93.4171734	93.416508	93.4159936	93.4156015	93.4153028	93.415073	93.4148948	93.4147585	93.4146549	93.4145754	93.4145138	93.4144665	93.4144305	93.414403	93.4143818	93.4143653	93.4143528	93.4143433	93.414336	93.4143303	93.4143259	93.4143226	93.4143201	93.4143181	93.4143166	93.4143155	93.4143146	93.4143139	93.4143134	93.414313	93.4143127	93.4143125	93.4143123	93.4143121	93.414312	93.4143119	93.4143119	93.4143118	93.4143118	93.4143118	93.4143117	93.4143117	93.4143117	93.4143117	93.4143117	93.4143117	93.4143117	93.4143117	93.4143117	93.4143117	93.4143117	93.4143117	93.4143117	93.4143117	93.4143117	93.4143117	93.4143117	93.4143117	93.4143117	93.4143117	93.4143117	93.4143117	93.4143117	93.4143117	93.4143117	93.4143117	93.4143117	93.4143117	93.4143117	93.4143117	93.4143117	93.4143117	93.4143117	93.4143117	93.4143117	93.4143117	93.4143117	93.4143117	93.4143117	93.4143117	93.4143117	93.4143117	93.4143117	93.4143117	93.4143117	93.4143117	93.4143117	93.4143117	93.4143117	93.4143117	93.4143117	93.4143117	93.4143117	93.4143117	93.4143117	93.4143117	93.4143117	93.4143117	93.4143117	93.4143117	93.4143117	93.4143117	93.4143117	93.4143117	93.4143117	93.4143117	93.4143117	93.4143117	93.4143117	93.4143117	93.4143117	93.4143117	93.4143117	93.4143117	93.4143117	93.4143117	93.4143117
L-Glutamine_e0	100.0	99.9914774	99.9815928	99.9700021	99.9566451	99.9411368	99.9229847	99.9016965	99.8767796	99.8475311	99.8135535	99.7739047	99.7275609	99.6734981	99.6106922	99.5383495	99.4544838	99.3582863	99.2489985	99.1258617	98.9883563	98.8374945	98.6699881	98.488564	98.295949	98.0948699	97.8880534	97.6782264	97.467994	97.2623789	97.0636998	96.8739479	96.6951145	96.5285678	96.3759011	96.2368937	96.1106313	95.9961996	95.8926842	95.7991707	95.7148498	95.6383452	95.5684489	95.5043942	95.4454145	95.3907434	95.3396142	95.2915373	95.2457048	95.20173	95.1594096	95.1185402	95.0789185	95.0403414	95.0026054	94.9655073	94.9288702	94.8926295	94.8567178	94.8211032	94.785754	94.7506385	94.7157249	94.6809814	94.6463763	94.6118783	94.6118385	94.6105597	94.6105595	94.5820433	94.559998	94.542943	94.5297029	94.5195629	94.5118086	94.5058281	94.501186	94.4976293	94.4949221	94.4928435	94.4912322	94.4899931	94.4890504	94.4883296	94.487773	94.4873428	94.4870148	94.486765	94.4865727	94.4864237	94.4863097	94.4862231	94.4861566	94.4861051	94.4860655	94.4860354	94.4860124	94.4859946	94.4859809	94.4859704	94.4859624	94.4859563	94.4859516	94.4859479	94.4859451	94.485943	94.4859414	94.4859401	94.4859392	94.4859384	94.4859378	94.4859374	94.4859371	94.4859368	94.4859366	94.4859365	94.4859364	94.4859363	94.4859362	94.4859361	94.4859361	94.4859361	94.4859361	94.485936	94.485936	94.485936	94.485936	94.485936	94.485936	94.485936	94.485936	94.485936	94.485936	94.485936	94.485936	94.485936	94.485936	94.485936	94.485936	94.485936	94.485936	94.485936	94.485936	94.485936	94.485936	94.485936	94.485936	94.485936	94.485936	94.485936	94.485936	94.485936	94.485936	94.485936	94.485936	94.485936	94.485936	94.485936	94.485936	94.485936	94.485936	94.485936	94.485936	94.485936	94.485936	94.485936	94.485936	94.485936	94.485936	94.485936	94.485936	94.485936	94.485936	94.485936	94.485936	94.485936	94.485936	94.485936	94.485936	94.485936	94.485936	94.485936	94.485936	94.485936	94.485936	94.485936	94.485936	94.485936	94.485936	94.485936	94.485936	94.485936	94.485936	94.485936	94.485936	94.485936	94.485936	94.485936	94.485936	94.485936
L-Histidine_e0	100.0	99.9968481	99.9931912	99.9889015	99.9839569	99.9782143	99.9714908	99.9636039	99.9543705	99.9435298	99.9309341	99.9162338	99.8990485	99.8789982	99.8557026	99.8288669	99.7977537	99.7620626	99.7215119	99.6758196	99.6247929	99.5688074	99.5066419	99.4393089	99.3678205	99.293189	99.2164267	99.1385459	99.0605136	98.9841948	98.9104501	98.840019	98.7736408	98.7118234	98.6551584	98.6035641	98.5567009	98.5142295	98.4758104	98.4411041	98.4098103	98.3814178	98.3554784	98.3317073	98.30982	98.2895318	98.2705582	98.2527174	98.2357094	98.2193908	98.2036859	98.1885193	98.1738155	98.1594991	98.1454945	98.1317264	98.118129	98.1046783	98.0913493	98.0781302	98.0650092	98.0519745	98.0390143	98.0261168	98.0132703	98.0004631	98.0004484	97.9999736	97.9999735	97.989387	97.9812027	97.9748711	97.9699557	97.9661912	97.9633124	97.9610922	97.9593688	97.9580484	97.9570433	97.9562717	97.9556735	97.9552135	97.9548635	97.9545959	97.9543893	97.9542295	97.9541078	97.954015	97.9539437	97.9538883	97.953846	97.9538138	97.9537892	97.95377	97.9537553	97.9537442	97.9537356	97.953729	97.9537239	97.95372	97.9537171	97.9537148	97.953713	97.9537117	97.9537106	97.9537099	97.9537093	97.9537088	97.9537084	97.9537082	97.9537079	97.9537078	97.9537077	97.9537076	97.9537075	97.9537074	97.9537074	97.9537074	97.9537073	97.9537073	97.9537073	97.9537073	97.9537073	97.9537073	97.9537073	97.9537073	97.9537073	97.9537073	97.9537073	97.9537073	97.9537073	97.9537073	97.9537073	97.9537073	97.9537073	97.9537073	97.9537073	97.9537073	97.9537073	97.9537073	97.9537073	97.9537073	97.9537073	97.9537073	97.9537073	97.9537073	97.9537073	97.9537073	97.9537073	97.9537073	97.9537073	97.9537073	97.9537073	97.9537073	97.9537073	97.9537073	97.9537073	97.9537073	97.9537073	97.9537073	97.9537073	97.9537073	97.9537073	97.9537073	97.9537073	97.9537073	97.9537073	97.9537073	97.9537073	97.9537073	97.9537073	97.9537073	97.9537073	97.9537073	97.9537073	97.9537073	97.9537073	97.9537073	97.9537073	97.9537073	97.9537073	97.9537073	97.9537073	97.9537073	97.9537073	97.9537073	97.9537073	97.9537073	97.9537073	97.9537073	97.9537073	97.9537073	97.9537073	97.9537073	97.9537073	97.9537073	97.9537073	97.9537073	97.9537073	97.9537073
L-Inositol_e0	100.0	100.0	100.0	100.0	100.0	100.0	100.0	100.0	100.0	100.0	100.0	100.0	100.0	100.0	100.0	100.0	100.0	100.0	100.0	100.0	100.0	100.0	100.0	100.0	100.0	100.0	100.0	100.0	100.0	100.0	100.0	100.0	100.0	100.0	100.0	100.0	100.0	100.0	100.0	100.0	100.0	100.0	100.0	100.0	100.0	100.0	100.0	100.0	100.0	100.0	100.0	100.0	100.0	100.0	100.0	100.0	100.0	100.0	100.0	100.0	100.0	100.0	100.0	100.0	100.0	100.0	100.0	100.0	100.0	100.0	100.0	100.0	100.0	100.0	100.0	100.0	100.0	100.0	100.0	100.0	100.0	100.0	100.0	100.0	100.0	100.0	100.0	100.0	100.0	100.0	100.0	100.0	100.0	100.0	100.0	100.0	100.0	100.0	100.0	100.0	100.0	100.0	100.0	100.0	100.0	100.0	100.0	100.0	100.0	100.0	100.0	100.0	100.0	100.0	100.0	100.0	100.0	100.0	100.0	100.0	100.0	100.0	100.0	100.0	100.0	100.0	100.0	100.0	100.0	100.0	100.0	100.0	100.0	100.0	100.0	100.0	100.0	100.0	100.0	100.0	100.0	100.0	100.0	100.0	100.0	100.0	100.0	100.0	100.0	100.0	100.0	100.0	100.0	100.0	100.0	100.0	100.0	100.0	100.0	100.0	100.0	100.0	100.0	100.0	100.0	100.0	100.0	100.0	100.0	100.0	100.0	100.0	100.0	100.0	100.0	100.0	100.0	100.0	100.0	100.0	100.0	100.0	100.0	100.0	100.0	100.0	100.0	100.0	100.0	100.0	100.0	100.0	100.0	100.0	100.0	100.0	100.0	100.0	100.0	100.0
L-Isoleucine_e0	100.0	99.9903848	99.9792293	99.9661434	99.9510595	99.9335412	99.9130311	99.8889714	99.8608045	99.8277341	99.7893102	99.7444659	99.6920413	99.6308766	99.5598118	99.4779479	99.3830352	99.2741573	99.1504547	99.0110678	98.8554075	98.6846202	98.4949807	98.2895771	98.0714973	97.8438293	97.6096612	97.3720809	97.1340388	96.9012234	96.6762608	96.4614064	96.2589154	96.0703375	95.8974777	95.740086	95.597127	95.4675653	95.3503654	95.2444918	95.1490279	95.0624151	94.9832852	94.91077	94.8440013	94.782111	94.7242309	94.6698065	94.6179226	94.5681415	94.5202327	94.4739661	94.4291113	94.3854382	94.3427165	94.3007159	94.2592361	94.218204	94.177543	94.1372173	94.0971909	94.0574278	94.0178919	93.9785475	93.9393583	93.9002892	93.9002441	93.8987959	93.8987957	93.8665007	93.841534	93.822219	93.8072243	93.7957406	93.7869587	93.7801857	93.7749284	93.7709005	93.7678345	93.7654804	93.7636556	93.7622523	93.7611847	93.7603683	93.759738	93.7592508	93.7588793	93.7585964	93.7583787	93.7582099	93.7580808	93.7579826	93.7579074	93.757849	93.7578042	93.7577701	93.757744	93.7577239	93.7577084	93.7576965	93.7576875	93.7576806	93.7576752	93.757671	93.7576679	93.7576655	93.7576637	93.7576623	93.7576611	93.7576603	93.7576596	93.7576591	93.7576588	93.7576585	93.7576583	93.7576581	93.757658	93.7576579	93.7576578	93.7576577	93.7576577	93.7576577	93.7576576	93.7576576	93.7576576	93.7576576	93.7576576	93.7576576	93.7576576	93.7576576	93.7576575	93.7576575	93.7576575	93.7576575	93.7576575	93.7576575	93.7576575	93.7576575	93.7576575	93.7576575	93.7576575	93.7576575	93.7576575	93.7576575	93.7576575	93.7576575	93.7576575	93.7576575	93.7576575	93.7576575	93.7576575	93.7576575	93.7576575	93.7576575	93.7576575	93.7576575	93.7576575	93.7576575	93.7576575	93.7576575	93.7576575	93.7576575	93.7576575	93.7576575	93.7576575	93.7576575	93.7576575	93.7576575	93.7576575	93.7576575	93.7576575	93.7576575	93.7576575	93.7576575	93.7576575	93.7576575	93.7576575	93.7576575	93.7576575	93.7576575	93.7576575	93.7576575	93.7576575	93.7576575	93.7576575	93.7576575	93.7576575	93.7576575	93.7576575	93.7576575	93.7576575	93.7576575	93.7576575	93.7576575	93.7576575	93.7576575	93.7576575	93.7576575	93.7576575	93.7576575
L-Lactate_e0	100.0	100.104526	100.2150596	100.3318754	100.4553062	100.5856392	100.7231436	100.8680891	101.0207451	101.1812472	101.3500693	101.5272579	101.7127951	101.9066626	102.1088424	102.3189569	102.5372763	102.7629519	102.9950892	103.232794	103.4751864	103.7212641	103.969175	104.2173426	104.4641903	104.7081417	104.9476202	105.1810494	105.4071805	105.6244825	105.8325382	106.0310681	106.2197923	106.3985279	106.5674818	106.7271334	106.8780071	107.0206276	107.1555192	107.2832065	107.4041521	107.5189429	107.628054	107.7317608	107.8303387	107.924063	108.0132091	108.0979542	108.1785462	108.2550913	108.3276362	108.3962273	108.4609112	108.5217344	108.5787434	108.6319848	108.6815084	108.7273057	108.7693572	108.8076714	108.8422569	108.8731222	108.900276	108.9237267	108.943483	108.9595557	108.9595721	108.9601127	108.9601128	108.9725031	108.9820458	108.9894077	108.9951125	108.9994731	109.0028025	109.0053681	109.0073584	109.0088824	109.0100417	109.0109314	109.0116211	109.0121513	109.0125546	109.0128629	109.013101	109.013285	109.0134253	109.0135321	109.0136144	109.0136781	109.0137268	109.0137639	109.0137923	109.0138143	109.0138313	109.0138442	109.013854	109.0138616	109.0138675	109.0138719	109.0138753	109.013878	109.01388	109.0138816	109.0138828	109.0138837	109.0138843	109.0138849	109.0138853	109.0138856	109.0138859	109.013886	109.0138862	109.0138863	109.0138864	109.0138864	109.0138865	109.0138865	109.0138866	109.0138866	109.0138866	109.0138866	109.0138866	109.0138866	109.0138866	109.0138866	109.0138866	109.0138866	109.0138866	109.0138866	109.0138867	109.0138867	109.0138867	109.0138867	109.0138867	109.0138867	109.0138867	109.0138867	109.0138867	109.0138867	109.0138867	109.0138867	109.0138867	109.0138867	109.0138867	109.0138867	109.0138867	109.0138867	109.0138867	109.0138867	109.0138867	109.0138867	109.0138867	109.0138867	109.0138867	109.0138867	109.0138867	109.0138867	109.0138867	109.0138867	109.0138867	109.0138867	109.0138867	109.0138867	109.0138867	109.0138867	109.0138867	109.0138867	109.0138867	109.0138867	109.0138867	109.0138867	109.0138867	109.0138867	109.0138867	109.0138867	109.0138867	109.0138867	109.0138867	109.0138867	109.0138867	109.0138867	109.0138867	109.0138867	109.0138867	109.0138867	109.0138867	109.0138867	109.0138867	109.0138867	109.0138867	109.0138867	109.0138867	109.0138867	109.0138867	109.0138867	109.0138867	109.0138867	109.0138867	109.0138867
L-Leucine_e0	100.0	99.9850726	99.9677538	99.9474382	99.9240205	99.8968237	99.8649819	99.8276296	99.783901	99.7325596	99.6729071	99.6032869	99.5218984	99.426941	99.316614	99.1895214	99.0421707	98.8731393	98.6810927	98.4646964	98.223036	97.9578911	97.6634784	97.3445921	97.0060262	96.6525748	96.289032	95.9201919	95.5506348	95.1891921	94.8399408	94.5063823	94.1920178	93.8992533	93.6308908	93.3865424	93.1646005	92.9634577	92.7815065	92.6171392	92.4689329	92.3344677	92.2116196	92.0990407	91.9953833	91.8992994	91.8094413	91.7249481	91.6443992	91.5671147	91.492737	91.4209086	91.3512723	91.2834704	91.2171455	91.1519402	91.0875434	91.0238415	90.960716	90.8981109	90.8359704	90.7742387	90.7128599	90.6517781	90.5909375	90.5302833	90.5302133	90.5279649	90.5279646	90.477827	90.4390667	90.4090803	90.3858013	90.367973	90.3543392	90.3438242	90.3356623	90.329409	90.3246491	90.3209945	90.3181614	90.3159828	90.3143254	90.313058	90.3120794	90.311323	90.3107464	90.3103071	90.3099691	90.3097071	90.3095067	90.3093543	90.3092374	90.3091469	90.3090772	90.3090243	90.3089838	90.3089526	90.3089285	90.3089101	90.308896	90.3088853	90.3088769	90.3088705	90.3088656	90.3088619	90.3088591	90.3088569	90.3088551	90.3088538	90.3088528	90.308852	90.3088515	90.308851	90.3088507	90.3088504	90.3088502	90.3088501	90.3088499	90.3088498	90.3088498	90.3088497	90.3088497	90.3088497	90.3088496	90.3088496	90.3088496	90.3088496	90.3088496	90.3088496	90.3088496	90.3088496	90.3088496	90.3088496	90.3088496	90.3088496	90.3088496	90.3088496	90.3088496	90.3088496	90.3088496	90.3088496	90.3088496	90.3088496	90.3088496	90.3088496	90.3088496	90.3088496	90.3088496	90.3088496	90.3088496	90.3088496	90.3088496	90.3088496	90.3088496	90.3088496	90.3088496	90.3088496	90.3088496	90.3088496	90.3088496	90.3088496	90.3088496	90.3088496	90.3088496	90.3088496	90.3088496	90.3088496	90.3088496	90.3088496	90.3088496	90.3088496	90.3088496	90.3088496	90.3088496	90.3088496	90.3088496	90.3088496	90.3088496	90.3088496	90.3088496	90.3088496	90.3088496	90.3088496	90.3088496	90.3088496	90.3088496	90.3088496	90.3088496	90.3088496	90.3088496	90.3088496	90.3088496	90.3088496	90.3088496	90.3088496	90.3088496	90.3088496	90.3088496	90.3088496
L-Lysine_e0	100.0	99.9886495	99.9754806	99.960033	99.9422267	99.9215468	99.897335	99.8689331	99.8356827	99.7966438	99.7512852	99.6983474	99.6364613	99.5642576	99.4803672	99.3837286	99.2716862	99.1431581	98.9971298	98.8325865	98.6488329	98.447222	98.2233566	97.980882	97.7234434	97.4546862	97.1782557	96.8977972	96.6167935	96.3419598	96.0763963	95.8227652	95.5837288	95.3611167	95.1570593	94.9712618	94.8025017	94.6495568	94.5112048	94.3862233	94.2735302	94.1712856	94.0778744	93.9922718	93.9134528	93.8403926	93.7720663	93.7078194	93.6465717	93.5878061	93.5312508	93.476634	93.4236839	93.3721287	93.3216967	93.2721159	93.2231498	93.1747122	93.1267129	93.0791092	93.0318589	92.9849193	92.9382481	92.8918028	92.8455409	92.7994206	92.7993674	92.7976577	92.7976575	92.759534	92.7300614	92.7072604	92.6895594	92.6760032	92.6656363	92.657641	92.6514348	92.6466799	92.6430606	92.6402817	92.6381275	92.6364709	92.6352106	92.6342469	92.6335029	92.6329277	92.6324892	92.6321553	92.6318982	92.631699	92.6315466	92.6314307	92.6313418	92.631273	92.6312201	92.6311798	92.631149	92.6311253	92.6311069	92.6310929	92.6310823	92.6310741	92.6310678	92.6310628	92.6310591	92.6310563	92.6310542	92.6310525	92.6310512	92.6310502	92.6310494	92.6310488	92.6310484	92.6310481	92.6310478	92.6310476	92.6310474	92.6310473	92.6310472	92.6310471	92.6310471	92.6310471	92.631047	92.631047	92.631047	92.631047	92.631047	92.631047	92.631047	92.6310469	92.6310469	92.6310469	92.6310469	92.6310469	92.6310469	92.6310469	92.6310469	92.6310469	92.6310469	92.6310469	92.6310469	92.6310469	92.6310469	92.6310469	92.6310469	92.6310469	92.6310469	92.6310469	92.6310469	92.6310469	92.6310469	92.6310469	92.6310469	92.6310469	92.6310469	92.6310469	92.6310469	92.6310469	92.6310469	92.6310469	92.6310469	92.6310469	92.6310469	92.6310469	92.6310469	92.6310469	92.6310469	92.6310469	92.6310469	92.6310469	92.6310469	92.6310469	92.6310469	92.6310469	92.6310469	92.6310469	92.6310469	92.6310469	92.6310469	92.6310469	92.6310469	92.6310469	92.6310469	92.6310469	92.6310469	92.6310469	92.6310469	92.6310469	92.6310469	92.6310469	92.6310469	92.6310469	92.6310469	92.6310469	92.6310469	92.6310469	92.6310469	92.6310469	92.6310469	92.6310469
L-Malate_e0	100.0	100.0	100.0	100.0	100.0	100.0	100.0	100.0	100.0	100.0	100.0	100.0	100.0	100.0	100.0	100.0	100.0	100.0	100.0	100.0	100.0	100.0	100.0	100.0	100.0	100.0	100.0	100.0	100.0	100.0	100.0	100.0	100.0	100.0	100.0	100.0	100.0	100.0	100.0	100.0	100.0	100.0	100.0	100.0	100.0	100.0	100.0	100.0	100.0	100.0	100.0	100.0	100.0	100.0	100.0	100.0	100.0	100.0	100.0	100.0	100.0	100.0	100.0	100.0	100.0	100.0	100.0	100.0	100.0	100.0	100.0	100.0	100.0	100.0	100.0	100.0	100.0	100.0	100.0	100.0	100.0	100.0	100.0	100.0	100.0	100.0	100.0	100.0	100.0	100.0	100.0	100.0	100.0	100.0	100.0	100.0	100.0	100.0	100.0	100.0	100.0	100.0	100.0	100.0	100.0	100.0	100.0	100.0	100.0	100.0	100.0	100.0	100.0	100.0	100.0	100.0	100.0	100.0	100.0	100.0	100.0	100.0	100.0	100.0	100.0	100.0	100.0	100.0	100.0	100.0	100.0	100.0	100.0	100.0	100.0	100.0	100.0	100.0	100.0	100.0	100.0	100.0	100.0	100.0	100.0	100.0	100.0	100.0	100.0	100.0	100.0	100.0	100.0	100.0	100.0	100.0	100.0	100.0	100.0	100.0	100.0	100.0	100.0	100.0	100.0	100.0	100.0	100.0	100.0	100.0	100.0	100.0	100.0	100.0	100.0	100.0	100.0	100.0	100.0	100.0	100.0	100.0	100.0	100.0	100.0	100.0	100.0	100.0	100.0	100.0	100.0	100.0	100.0	100.0	100.0	100.0	100.0	100.0	100.0	100.0
L-Methionine_e0	100.0	99.9951074	99.9894345	99.982784	99.9751218	99.9662271	99.9558183	99.9436133	99.9293304	99.912567	99.8930956	99.8703771	99.8438253	99.8128541	99.7768774	99.7354409	99.6874079	99.6323153	99.5697292	99.4992155	99.4204768	99.3340927	99.2381814	99.1343038	99.0240209	98.9088938	98.7904833	98.6703505	98.5499867	98.4322669	98.3185185	98.2098811	98.1074945	98.012142	97.9247355	97.8451485	97.7728578	97.7073397	97.6480711	97.5945283	97.5462481	97.5024426	97.4624204	97.4257425	97.3919702	97.3606646	97.331387	97.3038572	97.2776125	97.2524317	97.2281983	97.2047961	97.1821085	97.1600194	97.1384123	97.1171708	97.0961936	97.0754439	97.0548829	97.0344926	97.0142547	96.9941511	96.9741635	96.9542738	96.9344638	96.9147157	96.9146929	96.9139608	96.9139608	96.897637	96.8850174	96.8752545	96.8676753	96.8618708	96.8574319	96.8540085	96.8513511	96.8493152	96.8477654	96.8465756	96.8456532	96.8449439	96.8444043	96.8439916	96.843673	96.8434268	96.843239	96.843096	96.8429859	96.8429007	96.8428354	96.8427858	96.8427477	96.8427182	96.8426956	96.8426783	96.8426652	96.842655	96.8426471	96.8426411	96.8426366	96.8426331	96.8426304	96.8426283	96.8426267	96.8426255	96.8426245	96.8426238	96.8426233	96.8426228	96.8426225	96.8426223	96.8426221	96.8426219	96.8426218	96.8426217	96.8426217	96.8426216	96.8426216	96.8426215	96.8426215	96.8426215	96.8426215	96.8426215	96.8426215	96.8426215	96.8426215	96.8426215	96.8426215	96.8426215	96.8426214	96.8426214	96.8426214	96.8426214	96.8426214	96.8426214	96.8426214	96.8426214	96.8426214	96.8426214	96.8426214	96.8426214	96.8426214	96.8426214	96.8426214	96.8426214	96.8426214	96.8426214	96.8426214	96.8426214	96.8426214	96.8426214	96.8426214	96.8426214	96.8426214	96.8426214	96.8426214	96.8426214	96.8426214	96.8426214	96.8426214	96.8426214	96.8426214	96.8426214	96.8426214	96.8426214	96.8426214	96.8426214	96.8426214	96.8426214	96.8426214	96.8426214	96.8426214	96.8426214	96.8426214	96.8426214	96.8426214	96.8426214	96.8426214	96.8426214	96.8426214	96.8426214	96.8426214	96.8426214	96.8426214	96.8426214	96.8426214	96.8426214	96.8426214	96.8426214	96.8426214	96.8426214	96.8426214	96.8426214	96.8426214	96.8426214	96.8426214	96.8426214	96.8426214	96.8426214
L-Phenylalanine_e0	100.0	99.9938555	99.9867266	99.9783642	99.9687249	99.95753	99.9444232	99.929048	99.9110482	99.8899148	99.8653603	99.8367029	99.8032014	99.7641145	99.7187011	99.6663866	99.6057334	99.5361558	99.4571046	99.3680304	99.2685569	99.1594166	99.0382289	98.9069673	98.7676051	98.6221156	98.4724723	98.3206484	98.1685294	98.0197505	97.8759899	97.7386888	97.6092885	97.4887792	97.3783145	97.2777345	97.1863777	97.1035822	97.0286865	96.9610288	96.9000234	96.8446741	96.7941067	96.7477665	96.7050985	96.6655479	96.6285601	96.5937806	96.5606246	96.5288123	96.4981966	96.4686302	96.4399662	96.4120572	96.3847562	96.3579161	96.3314087	96.3051874	96.2792034	96.2534336	96.227855	96.2024446	96.1771796	96.1520368	96.1269933	96.1020265	96.1019976	96.1010721	96.101072	96.0804341	96.0644794	96.0521363	96.042554	96.0352155	96.0296034	96.0252752	96.0219156	96.0193415	96.0173822	96.0158779	96.0147118	96.013815	96.0131327	96.0126111	96.0122083	96.0118969	96.0116595	96.0114787	96.0113396	96.0112318	96.0111492	96.0110865	96.0110384	96.0110011	96.0109725	96.0109507	96.010934	96.0109212	96.0109112	96.0109037	96.0108979	96.0108935	96.01089	96.0108874	96.0108854	96.0108838	96.0108827	96.0108818	96.0108811	96.0108805	96.0108801	96.0108798	96.0108796	96.0108794	96.0108792	96.0108791	96.010879	96.010879	96.0108789	96.0108789	96.0108788	96.0108788	96.0108788	96.0108788	96.0108788	96.0108788	96.0108788	96.0108788	96.0108788	96.0108788	96.0108788	96.0108788	96.0108788	96.0108788	96.0108788	96.0108788	96.0108788	96.0108788	96.0108788	96.0108788	96.0108788	96.0108788	96.0108788	96.0108788	96.0108788	96.0108788	96.0108788	96.0108788	96.0108788	96.0108788	96.0108788	96.0108788	96.0108788	96.0108788	96.0108788	96.0108788	96.0108788	96.0108788	96.0108788	96.0108788	96.0108788	96.0108788	96.0108788	96.0108788	96.0108788	96.0108788	96.0108788	96.0108788	96.0108788	96.0108788	96.0108788	96.0108788	96.0108788	96.0108788	96.0108788	96.0108788	96.0108788	96.0108788	96.0108788	96.0108788	96.0108788	96.0108788	96.0108788	96.0108788	96.0108788	96.0108788	96.0108788	96.0108788	96.0108788	96.0108788	96.0108788	96.0108788	96.0108788	96.0108788	96.0108788	96.0108788	96.0108788	96.0108788	96.0108788	96.0108788
L-Proline_e0	100.0	99.9926691	99.9841638	99.9741867	99.9626862	99.9493298	99.9336922	99.9153483	99.8938731	99.8686592	99.8393636	99.8051729	99.7652028	99.7185689	99.6643869	99.6019713	99.529607	99.4465951	99.3522804	99.2460075	99.1273273	98.9971138	98.8525268	98.6959207	98.5296499	98.3560688	98.1775317	97.9963932	97.8149025	97.6373968	97.4658784	97.3020667	97.1476813	97.0039038	96.8721101	96.7521098	96.6431134	96.5443315	96.4549747	96.3742534	96.3014688	96.2354325	96.1751014	96.1198136	96.0689071	96.02172	95.9775904	95.9360955	95.8965377	95.858583	95.8220559	95.7867808	95.7525821	95.7192844	95.686712	95.6546895	95.623064	95.5917798	95.5607787	95.5300331	95.4995157	95.4691991	95.4390557	95.4090583	95.3791793	95.3493918	95.3493574	95.3482532	95.3482531	95.3236304	95.304595	95.2898686	95.2784362	95.2696807	95.2629851	95.2578212	95.2538128	95.2507418	95.2484042	95.2466094	95.2452181	95.2441481	95.2433342	95.2427117	95.2422312	95.2418597	95.2415765	95.2413608	95.2411948	95.2410661	95.2409677	95.2408928	95.2408355	95.240791	95.2407568	95.2407308	95.2407109	95.2406956	95.2406837	95.2406747	95.2406678	95.2406625	95.2406584	95.2406553	95.2406528	95.240651	95.2406496	95.2406486	95.2406477	95.2406471	95.2406466	95.2406462	95.2406459	95.2406457	95.2406455	95.2406454	95.2406453	95.2406452	95.2406452	95.2406451	95.2406451	95.2406451	95.240645	95.240645	95.240645	95.240645	95.240645	95.240645	95.240645	95.240645	95.240645	95.240645	95.240645	95.240645	95.240645	95.240645	95.240645	95.240645	95.240645	95.240645	95.240645	95.240645	95.240645	95.240645	95.240645	95.240645	95.240645	95.240645	95.240645	95.240645	95.240645	95.240645	95.240645	95.240645	95.240645	95.240645	95.240645	95.240645	95.240645	95.240645	95.240645	95.240645	95.240645	95.240645	95.240645	95.240645	95.240645	95.240645	95.240645	95.240645	95.240645	95.240645	95.240645	95.240645	95.240645	95.240645	95.240645	95.240645	95.240645	95.240645	95.240645	95.240645	95.240645	95.240645	95.240645	95.240645	95.240645	95.240645	95.240645	95.240645	95.240645	95.240645	95.240645	95.240645	95.240645	95.240645	95.240645	95.240645	95.240645	95.240645
L-Serine_e0	100.0	99.9915138	99.9816681	99.9701187	99.9568058	99.9413444	99.9232425	99.9020077	99.8771481	99.8479606	99.8140483	99.7744693	99.7282001	99.674217	99.6114963	99.5392444	99.4554759	99.3593818	99.2502036	99.1271828	98.9897993	98.8390649	98.6716918	98.4904056	98.2979315	98.096995	97.8903217	97.6806368	97.4705442	97.2650647	97.066516	96.8768886	96.698173	96.5317369	96.3791733	96.2402617	96.1140882	95.9997389	95.8962999	95.8028575	95.7186024	95.6421592	95.5723203	95.5083194	95.4493904	95.3947669	95.3436827	95.2956485	95.2498566	95.2059205	95.1636369	95.1228026	95.0832145	95.0446692	95.0069637	94.9698946	94.9332851	94.8970707	94.861184	94.8255931	94.7902663	94.755172	94.7202782	94.6855533	94.6509656	94.6164838	94.616444	94.6151658	94.6151656	94.5866625	94.5646273	94.5475801	94.534346	94.5242107	94.5164599	94.5104822	94.5058421	94.5022871	94.4995811	94.4975035	94.4958929	94.4946544	94.4937121	94.4929916	94.4924353	94.4920053	94.4916775	94.4914277	94.4912356	94.4910866	94.4909727	94.490886	94.4908196	94.4907681	94.4907286	94.4906985	94.4906755	94.4906577	94.490644	94.4906335	94.4906255	94.4906194	94.4906147	94.490611	94.4906082	94.4906061	94.4906045	94.4906033	94.4906023	94.4906015	94.490601	94.4906005	94.4906002	94.4906	94.4905998	94.4905996	94.4905995	94.4905994	94.4905993	94.4905993	94.4905992	94.4905992	94.4905992	94.4905992	94.4905992	94.4905991	94.4905991	94.4905991	94.4905991	94.4905991	94.4905991	94.4905991	94.4905991	94.4905991	94.4905991	94.4905991	94.4905991	94.4905991	94.4905991	94.4905991	94.4905991	94.4905991	94.4905991	94.4905991	94.4905991	94.4905991	94.4905991	94.4905991	94.4905991	94.4905991	94.4905991	94.4905991	94.4905991	94.4905991	94.4905991	94.4905991	94.4905991	94.4905991	94.4905991	94.4905991	94.4905991	94.4905991	94.4905991	94.4905991	94.4905991	94.4905991	94.4905991	94.4905991	94.4905991	94.4905991	94.4905991	94.4905991	94.4905991	94.4905991	94.4905991	94.4905991	94.4905991	94.4905991	94.4905991	94.4905991	94.4905991	94.4905991	94.4905991	94.4905991	94.4905991	94.4905991	94.4905991	94.4905991	94.4905991	94.4905991	94.4905991	94.4905991	94.4905991	94.4905991	94.4905991	94.4905991	94.4905991	94.4905991	94.4905991	94.4905991
L-Threonine_e0	100.0	99.9916067	99.9818687	99.9704457	99.9572784	99.9419863	99.9240824	99.90308	99.8784924	99.8496243	99.816083	99.7769371	99.7311742	99.6777818	99.6157473	99.544286	99.4614341	99.3663915	99.258408	99.1367332	99.000853	98.8517679	98.6862263	98.5069237	98.3165556	98.1178179	97.9134059	97.7060154	97.4982217	97.2949906	97.0986144	96.9110619	96.7343018	96.5696869	96.4187927	96.2814011	96.1566081	96.04351	95.9412029	95.8487829	95.7654498	95.689843	95.6207683	95.5574677	95.4991835	95.4451577	95.3946325	95.3471239	95.301833	95.2583776	95.2165567	95.1761693	95.1370143	95.0988908	95.0615978	95.0249344	94.9887255	94.9529073	94.9174133	94.8822118	94.8472716	94.8125613	94.7780493	94.7437044	94.7094951	94.6753906	94.6753512	94.674087	94.6740868	94.6458956	94.6241015	94.6072409	94.5941516	94.5841272	94.5764612	94.5705489	94.5659596	94.5624435	94.5597671	94.5577122	94.5561192	94.5548943	94.5539623	94.5532497	94.5526995	94.5522742	94.5519499	94.5517029	94.5515129	94.5513656	94.5512529	94.5511672	94.5511015	94.5510505	94.5510114	94.5509816	94.5509589	94.5509413	94.5509278	94.5509174	94.5509095	94.5509035	94.5508988	94.5508951	94.5508924	94.5508903	94.5508887	94.5508875	94.5508865	94.5508858	94.5508852	94.5508848	94.5508845	94.5508842	94.550884	94.5508839	94.5508838	94.5508837	94.5508836	94.5508835	94.5508835	94.5508835	94.5508835	94.5508834	94.5508834	94.5508834	94.5508834	94.5508834	94.5508834	94.5508834	94.5508834	94.5508834	94.5508834	94.5508834	94.5508834	94.5508834	94.5508834	94.5508834	94.5508834	94.5508834	94.5508834	94.5508834	94.5508834	94.5508834	94.5508834	94.5508834	94.5508834	94.5508834	94.5508834	94.5508834	94.5508834	94.5508834	94.5508834	94.5508834	94.5508834	94.5508834	94.5508834	94.5508834	94.5508834	94.5508834	94.5508834	94.5508834	94.5508834	94.5508834	94.5508834	94.5508834	94.5508834	94.5508834	94.5508834	94.5508834	94.5508834	94.5508834	94.5508834	94.5508834	94.5508834	94.5508834	94.5508834	94.5508834	94.5508834	94.5508834	94.5508834	94.5508834	94.5508834	94.5508834	94.5508834	94.5508834	94.5508834	94.5508834	94.5508834	94.5508834	94.5508834	94.5508834	94.5508834	94.5508834	94.5508834	94.5508834	94.5508834	94.5508834	94.5508834	94.5508834
L-Tryptophan_e0	100.0	99.998123	99.9959453	99.9933908	99.9904462	99.9870265	99.9830226	99.9783259	99.9728274	99.9663717	99.9588709	99.9501167	99.9398828	99.9279428	99.9140701	99.8980893	99.8795612	99.858307	99.8341587	99.8069488	99.7765621	99.7432224	99.7062025	99.6661053	99.6235335	99.5790901	99.5333777	99.4869992	99.4405306	99.3950823	99.3511669	99.3092248	99.2696962	99.2328836	99.1991393	99.1684146	99.1405073	99.1152153	99.0923365	99.0716688	99.0530331	99.0361252	99.0206781	99.0065223	98.9934883	98.9814066	98.9701077	98.9594834	98.9493551	98.9396372	98.9302848	98.921253	98.9124969	98.9039714	98.8956316	98.8874326	98.8793352	98.8713253	98.8633878	98.8555157	98.8477021	98.8399399	98.832222	98.8245415	98.8168913	98.8092646	98.8092558	98.808973	98.808973	98.8026686	98.7977949	98.7940243	98.7910972	98.7888554	98.7871411	98.7858189	98.7847927	98.7840064	98.7834078	98.7829483	98.7825921	98.7823181	98.7821097	98.7819503	98.7818273	98.7817322	98.7816597	98.7816045	98.781562	98.781529	98.7815038	98.7814846	98.7814699	98.7814586	98.7814498	98.7814432	98.7814381	98.7814341	98.7814311	98.7814288	98.781427	98.7814257	98.7814246	98.7814238	98.7814232	98.7814227	98.7814224	98.7814221	98.7814219	98.7814217	98.7814216	98.7814215	98.7814214	98.7814214	98.7814213	98.7814213	98.7814213	98.7814212	98.7814212	98.7814212	98.7814212	98.7814212	98.7814212	98.7814212	98.7814212	98.7814212	98.7814212	98.7814212	98.7814212	98.7814212	98.7814212	98.7814212	98.7814212	98.7814212	98.7814212	98.7814212	98.7814212	98.7814212	98.7814212	98.7814212	98.7814212	98.7814212	98.7814212	98.7814212	98.7814212	98.7814212	98.7814212	98.7814212	98.7814212	98.7814212	98.7814212	98.7814212	98.7814212	98.7814212	98.7814212	98.7814212	98.7814212	98.7814212	98.7814212	98.7814212	98.7814212	98.7814212	98.7814212	98.7814212	98.7814212	98.7814212	98.7814212	98.7814212	98.7814212	98.7814212	98.7814212	98.7814212	98.7814212	98.7814212	98.7814212	98.7814212	98.7814212	98.7814212	98.7814212	98.7814212	98.7814212	98.7814212	98.7814212	98.7814212	98.7814212	98.7814212	98.7814212	98.7814212	98.7814212	98.7814212	98.7814212	98.7814212	98.7814212	98.7814212	98.7814212	98.7814212	98.7814212	98.7814212	98.7814212	98.7814212
L-Tyrosine_e0	100.0	99.9952013	99.9896338	99.9831029	99.9755748	99.9668318	99.9565956	99.9445879	99.9305304	99.9140257	99.8948491	99.8724683	99.8463042	99.8157782	99.7803112	99.7394547	99.6920857	99.637747	99.5760096	99.5064445	99.4287577	99.3435213	99.2488762	99.1463635	99.0375244	98.9239001	98.8070317	98.6884603	98.5696584	98.4534651	98.3411909	98.2339616	98.1329025	98.0387872	97.9525165	97.8739656	97.8026177	97.7379562	97.6794641	97.6266248	97.5789808	97.5357541	97.496262	97.4600712	97.4267484	97.3958602	97.3669734	97.3398113	97.3139172	97.2890725	97.2651622	97.2420715	97.2196854	97.1978891	97.1765675	97.1556059	97.1349042	97.1144259	97.0941329	97.0740072	97.0540308	97.0341859	97.0144544	96.9948183	96.9752599	96.9557613	96.9557388	96.955016	96.9550159	96.9388981	96.9264378	96.9167981	96.9093145	96.9035833	96.8992004	96.8958201	96.8931963	96.891186	96.8896559	96.888481	96.8875703	96.8868699	96.8863371	96.8859297	96.8856151	96.8853719	96.8851866	96.8850454	96.8849367	96.8848525	96.884788	96.884739	96.8847015	96.8846724	96.88465	96.884633	96.88462	96.8846099	96.8846022	96.8845962	96.8845917	96.8845883	96.8845856	96.8845835	96.8845819	96.8845807	96.8845798	96.8845791	96.8845786	96.8845782	96.8845778	96.8845776	96.8845774	96.8845773	96.8845772	96.8845771	96.884577	96.8845769	96.8845769	96.8845769	96.8845769	96.8845768	96.8845768	96.8845768	96.8845768	96.8845768	96.8845768	96.8845768	96.8845768	96.8845768	96.8845768	96.8845768	96.8845768	96.8845768	96.8845768	96.8845768	96.8845768	96.8845768	96.8845768	96.8845768	96.8845768	96.8845768	96.8845768	96.8845768	96.8845768	96.8845768	96.8845768	96.8845768	96.8845768	96.8845768	96.8845768	96.8845768	96.8845768	96.8845768	96.8845768	96.8845768	96.8845768	96.8845768	96.8845768	96.8845768	96.8845768	96.8845768	96.8845768	96.8845768	96.8845768	96.8845768	96.8845768	96.8845768	96.8845768	96.8845768	96.8845768	96.8845768	96.8845768	96.8845768	96.8845768	96.8845768	96.8845768	96.8845768	96.8845768	96.8845768	96.8845768	96.8845768	96.8845768	96.8845768	96.8845768	96.8845768	96.8845768	96.8845768	96.8845768	96.8845768	96.8845768	96.8845768	96.8845768	96.8845768	96.8845768	96.8845768	96.8845768	96.8845768	96.8845768	96.8845768
L-Valine_e0	100.0	99.9859934	99.9697429	99.9506804	99.9287073	99.903188	99.8733104	99.8382622	99.7972309	99.7490565	99.6930836	99.6277579	99.5513898	99.4622898	99.3587683	99.2395153	99.1012539	98.9426491	98.7624488	98.5594008	98.3326471	98.0838575	97.8076055	97.5083895	97.1907078	96.8590589	96.5179411	96.1718527	95.8250915	95.4859442	95.1582363	94.8452531	94.5502801	94.2755746	94.0237659	93.7944899	93.5862384	93.397503	93.2267753	93.072547	92.9334827	92.8073119	92.6920416	92.5864071	92.4891438	92.3989868	92.3146715	92.2353902	92.15981	92.0872927	92.0175029	91.9501053	91.8847644	91.8211448	91.7589112	91.697728	91.6373034	91.577531	91.5182993	91.459556	91.4012486	91.3433248	91.2857321	91.2284181	91.1713304	91.1144177	91.114352	91.1122422	91.112242	91.0651971	91.0288277	91.000691	90.9788479	90.9621194	90.9493265	90.9394602	90.9318018	90.9259342	90.9214679	90.9180387	90.9153804	90.9133362	90.911781	90.9105918	90.9096736	90.9089638	90.9084228	90.9080106	90.9076934	90.9074476	90.9072595	90.9071165	90.9070069	90.9069219	90.9068566	90.9068069	90.9067689	90.9067396	90.906717	90.9066997	90.9066866	90.9066765	90.9066686	90.9066626	90.906658	90.9066545	90.9066519	90.9066498	90.9066482	90.9066469	90.906646	90.9066453	90.9066447	90.9066443	90.906644	90.9066438	90.9066436	90.9066434	90.9066433	90.9066432	90.9066431	90.9066431	90.9066431	90.906643	90.906643	90.906643	90.906643	90.906643	90.906643	90.906643	90.9066429	90.9066429	90.9066429	90.9066429	90.9066429	90.9066429	90.9066429	90.9066429	90.9066429	90.9066429	90.9066429	90.9066429	90.9066429	90.9066429	90.9066429	90.9066429	90.9066429	90.9066429	90.9066429	90.9066429	90.9066429	90.9066429	90.9066429	90.9066429	90.9066429	90.9066429	90.9066429	90.9066429	90.9066429	90.9066429	90.9066429	90.9066429	90.9066429	90.9066429	90.9066429	90.9066429	90.9066429	90.9066429	90.9066429	90.9066429	90.9066429	90.9066429	90.9066429	90.9066429	90.9066429	90.9066429	90.9066429	90.9066429	90.9066429	90.9066429	90.9066429	90.9066429	90.9066429	90.9066429	90.9066429	90.9066429	90.9066429	90.9066429	90.9066429	90.9066429	90.9066429	90.9066429	90.9066429	90.9066429	90.9066429	90.9066429	90.9066429	90.9066429	90.9066429	90.9066429
Methanol_e0	100.0	100.0	100.0	100.0	100.0	100.0	100.0	100.0	100.0	100.0	100.0	100.0	100.0	100.0	100.0	100.0	100.0	100.0	100.0	100.0	100.0	100.0	100.0	100.0	100.0	100.0	100.0	100.0	100.0	100.0	100.0	100.0	100.0	100.0	100.0	100.0	100.0	100.0	100.0	100.0	100.0	100.0	100.0	100.0	100.0	100.0	100.0	100.0	100.0	100.0	100.0	100.0	100.0	100.0	100.0	100.0	100.0	100.0	100.0	100.0	100.0	100.0	100.0	100.0	100.0	100.0	100.0	100.0	100.0	100.0	100.0	100.0	100.0	100.0	100.0	100.0	100.0	100.0	100.0	100.0	100.0	100.0	100.0	100.0	100.0	100.0	100.0	100.0	100.0	100.0	100.0	100.0	100.0	100.0	100.0	100.0	100.0	100.0	100.0	100.0	100.0	100.0	100.0	100.0	100.0	100.0	100.0	100.0	100.0	100.0	100.0	100.0	100.0	100.0	100.0	100.0	100.0	100.0	100.0	100.0	100.0	100.0	100.0	100.0	100.0	100.0	100.0	100.0	100.0	100.0	100.0	100.0	100.0	100.0	100.0	100.0	100.0	100.0	100.0	100.0	100.0	100.0	100.0	100.0	100.0	100.0	100.0	100.0	100.0	100.0	100.0	100.0	100.0	100.0	100.0	100.0	100.0	100.0	100.0	100.0	100.0	100.0	100.0	100.0	100.0	100.0	100.0	100.0	100.0	100.0	100.0	100.0	100.0	100.0	100.0	100.0	100.0	100.0	100.0	100.0	100.0	100.0	100.0	100.0	100.0	100.0	100.0	100.0	100.0	100.0	100.0	100.0	100.0	100.0	100.0	100.0	100.0	100.0	100.0	100.0
Mg_e0	100.0	99.9998884	99.9997589	99.9996071	99.999432	99.9992287	99.9989907	99.9987115	99.9983846	99.9980008	99.9975549	99.9970344	99.996426	99.9957162	99.9948915	99.9939414	99.9928399	99.9915763	99.9901407	99.9885231	99.9867166	99.9847345	99.9825337	99.9801499	99.977619	99.9749769	99.9722593	99.969502	99.9667395	99.9640376	99.9614268	99.9589333	99.9565834	99.9543948	99.9523887	99.9505622	99.9489031	99.9473995	99.9460393	99.9448106	99.9437027	99.9426975	99.9417792	99.9409376	99.9401628	99.9394445	99.9387728	99.9381412	99.937539	99.9369613	99.9364053	99.9358684	99.9353478	99.934841	99.9343452	99.9338577	99.9333764	99.9329002	99.9324283	99.9319603	99.9314958	99.9310343	99.9305755	99.9301189	99.9296641	99.9292107	99.9292101	99.9291933	99.9291933	99.9288185	99.9285288	99.9283046	99.9281306	99.9279973	99.9278954	99.9278168	99.9277558	99.927709	99.9276735	99.9276461	99.927625	99.9276087	99.9275963	99.9275868	99.9275795	99.9275738	99.9275695	99.9275663	99.9275637	99.9275618	99.9275603	99.9275591	99.9275583	99.9275576	99.9275571	99.9275567	99.9275564	99.9275561	99.9275559	99.9275558	99.9275557	99.9275556	99.9275556	99.9275555	99.9275555	99.9275555	99.9275554	99.9275554	99.9275554	99.9275554	99.9275554	99.9275554	99.9275554	99.9275554	99.9275554	99.9275554	99.9275554	99.9275554	99.9275554	99.9275554	99.9275554	99.9275554	99.9275554	99.9275554	99.9275554	99.9275554	99.9275554	99.9275554	99.9275554	99.9275554	99.9275554	99.9275554	99.9275554	99.9275554	99.9275554	99.9275554	99.9275554	99.9275554	99.9275554	99.9275554	99.9275554	99.9275554	99.9275554	99.9275554	99.9275554	99.9275554	99.9275554	99.9275554	99.9275554	99.9275554	99.9275554	99.9275554	99.9275554	99.9275554	99.9275554	99.9275554	99.9275554	99.9275554	99.9275554	99.9275554	99.9275554	99.9275554	99.9275554	99.9275554	99.9275554	99.9275554	99.9275554	99.9275554	99.9275554	99.9275554	99.9275554	99.9275554	99.9275554	99.9275554	99.9275554	99.9275554	99.9275554	99.9275554	99.9275554	99.9275554	99.9275554	99.9275554	99.9275554	99.9275554	99.9275554	99.9275554	99.9275554	99.9275554	99.9275554	99.9275554	99.9275554	99.9275554	99.9275554	99.9275554	99.9275554	99.9275554	99.9275554	99.9275554	99.9275554	99.9275554
Mn2+_e0	100.0	99.9998884	99.9997589	99.9996071	99.999432	99.9992287	99.9989907	99.9987115	99.9983846	99.9980008	99.9975549	99.9970344	99.996426	99.9957162	99.9948915	99.9939414	99.9928399	99.9915763	99.9901407	99.9885231	99.9867166	99.9847345	99.9825337	99.9801499	99.977619	99.9749769	99.9722593	99.969502	99.9667395	99.9640376	99.9614268	99.9589333	99.9565834	99.9543948	99.9523887	99.9505622	99.9489031	99.9473995	99.9460393	99.9448106	99.9437027	99.9426975	99.9417792	99.9409376	99.9401628	99.9394445	99.9387728	99.9381412	99.937539	99.9369613	99.9364053	99.9358684	99.9353478	99.934841	99.9343452	99.9338577	99.9333764	99.9329002	99.9324283	99.9319603	99.9314958	99.9310343	99.9305755	99.9301189	99.9296641	99.9292107	99.9292101	99.9291933	99.9291933	99.9288185	99.9285288	99.9283046	99.9281306	99.9279973	99.9278954	99.9278168	99.9277558	99.927709	99.9276735	99.9276461	99.927625	99.9276087	99.9275963	99.9275868	99.9275795	99.9275738	99.9275695	99.9275663	99.9275637	99.9275618	99.9275603	99.9275591	99.9275583	99.9275576	99.9275571	99.9275567	99.9275564	99.9275561	99.9275559	99.9275558	99.9275557	99.9275556	99.9275556	99.9275555	99.9275555	99.9275555	99.9275554	99.9275554	99.9275554	99.9275554	99.9275554	99.9275554	99.9275554	99.9275554	99.9275554	99.9275554	99.9275554	99.9275554	99.9275554	99.9275554	99.9275554	99.9275554	99.9275554	99.9275554	99.9275554	99.9275554	99.9275554	99.9275554	99.9275554	99.9275554	99.9275554	99.9275554	99.9275554	99.9275554	99.9275554	99.9275554	99.9275554	99.9275554	99.9275554	99.9275554	99.9275554	99.9275554	99.9275554	99.9275554	99.9275554	99.9275554	99.9275554	99.9275554	99.9275554	99.9275554	99.9275554	99.9275554	99.9275554	99.9275554	99.9275554	99.9275554	99.9275554	99.9275554	99.9275554	99.9275554	99.9275554	99.9275554	99.9275554	99.9275554	99.9275554	99.9275554	99.9275554	99.9275554	99.9275554	99.9275554	99.9275554	99.9275554	99.9275554	99.9275554	99.9275554	99.9275554	99.9275554	99.9275554	99.9275554	99.9275554	99.9275554	99.9275554	99.9275554	99.9275554	99.9275554	99.9275554	99.9275554	99.9275554	99.9275554	99.9275554	99.9275554	99.9275554	99.9275554	99.9275554	99.9275554	99.9275554	99.9275554	99.9275554	99.9275554	99.9275554
Myristic acid_e0	100.0	99.9964538	99.9923492	99.9875459	99.9820194	99.9756128	99.9681256	99.9593572	99.9491072	99.9370894	99.9231418	99.9068812	99.8878908	99.8657539	99.8400538	99.8104678	99.7761873	99.7368837	99.6922485	99.6419733	99.5858472	99.5242825	99.4559414	99.3819345	99.3033725	99.221366	99.1370257	99.0514624	98.965737	98.8818951	98.8008808	98.7235051	98.6505788	98.5826592	98.5203952	98.4636967	98.4121915	98.3655071	98.3232711	98.2851111	98.2506976	98.2194699	98.1909361	98.164784	98.1407013	98.118376	98.0974958	98.0778613	98.0591435	98.0411849	98.0239028	98.0072143	97.9910368	97.9752873	97.9598832	97.9447416	97.9297905	97.9150037	97.9003537	97.8858275	97.8714123	97.857095	97.8428629	97.8287028	97.8146019	97.8005475	97.8005313	97.8000119	97.8000119	97.7884759	97.7795579	97.7726589	97.7673031	97.7632015	97.7600649	97.7576458	97.7557681	97.7543295	97.7532344	97.7523937	97.7517419	97.7512407	97.7508594	97.7505678	97.7503427	97.7501687	97.7500361	97.749935	97.7498572	97.749797	97.7497509	97.7497158	97.7496889	97.7496681	97.7496521	97.7496399	97.7496306	97.7496234	97.7496178	97.7496136	97.7496104	97.7496079	97.749606	97.7496045	97.7496034	97.7496025	97.7496019	97.7496014	97.749601	97.7496007	97.7496004	97.7496003	97.7496001	97.7496	97.7496	97.7495999	97.7495998	97.7495998	97.7495998	97.7495998	97.7495997	97.7495997	97.7495997	97.7495997	97.7495997	97.7495997	97.7495997	97.7495997	97.7495997	97.7495997	97.7495997	97.7495997	97.7495997	97.7495997	97.7495997	97.7495997	97.7495997	97.7495997	97.7495997	97.7495997	97.7495997	97.7495997	97.7495997	97.7495997	97.7495997	97.7495997	97.7495997	97.7495997	97.7495997	97.7495997	97.7495997	97.7495997	97.7495997	97.7495997	97.7495997	97.7495997	97.7495997	97.7495997	97.7495997	97.7495997	97.7495997	97.7495997	97.7495997	97.7495997	97.7495997	97.7495997	97.7495997	97.7495997	97.7495997	97.7495997	97.7495997	97.7495997	97.7495997	97.7495997	97.7495997	97.7495997	97.7495997	97.7495997	97.7495997	97.7495997	97.7495997	97.7495997	97.7495997	97.7495997	97.7495997	97.7495997	97.7495997	97.7495997	97.7495997	97.7495997	97.7495997	97.7495997	97.7495997	97.7495997	97.7495997	97.7495997	97.7495997	97.7495997	97.7495997	97.7495997
N-Acetyl-D-glucosamine_e0	100.0	99.9965282	99.9924367	99.9875614	99.9818752	99.9751944	99.9672835	99.9579067	99.9468286	99.9337111	99.9183657	99.9003389	99.8791372	99.8542671	99.8252352	99.7916568	99.7525767	99.7076	99.6563558	99.5984732	99.5336966	99.4625074	99.3833104	99.2974096	99.2061092	99.1107134	99.0125264	98.9128522	98.8129384	98.7151956	98.6207382	98.5305241	98.4455108	98.3663563	98.2938296	98.2278273	98.167912	98.1136464	98.0645931	98.020315	97.9804247	97.9442627	97.9112501	97.881019	97.853202	97.8274312	97.803339	97.7806907	97.7590986	97.7383768	97.7184278	97.6991539	97.6804575	97.6622408	97.6444063	97.6268562	97.6095056	97.5923235	97.575277	97.5583511	97.5415304	97.5247997	97.5081438	97.4915473	97.4749951	97.4584722	97.4584531	97.4578403	97.4578402	97.4441769	97.4336138	97.4254417	97.4190974	97.4142386	97.4105229	97.4076572	97.4054328	97.4037286	97.4024313	97.4014353	97.4006632	97.4000694	97.3996177	97.3992723	97.3990056	97.3987994	97.3986423	97.3985225	97.3984304	97.398359	97.3983044	97.3982629	97.398231	97.3982063	97.3981874	97.3981729	97.3981619	97.3981534	97.3981468	97.3981418	97.398138	97.398135	97.3981328	97.398131	97.3981297	97.3981287	97.3981279	97.3981273	97.3981268	97.3981265	97.3981262	97.398126	97.3981258	97.3981257	97.3981256	97.3981255	97.3981255	97.3981254	97.3981254	97.3981254	97.3981254	97.3981253	97.3981253	97.3981253	97.3981253	97.3981253	97.3981253	97.3981253	97.3981253	97.3981253	97.3981253	97.3981253	97.3981253	97.3981253	97.3981253	97.3981253	97.3981253	97.3981253	97.3981253	97.3981253	97.3981253	97.3981253	97.3981253	97.3981253	97.3981253	97.3981253	97.3981253	97.3981253	97.3981253	97.3981253	97.3981253	97.3981253	97.3981253	97.3981253	97.3981253	97.3981253	97.3981253	97.3981253	97.3981253	97.3981253	97.3981253	97.3981253	97.3981253	97.3981253	97.3981253	97.3981253	97.3981253	97.3981253	97.3981253	97.3981253	97.3981253	97.3981253	97.3981253	97.3981253	97.3981253	97.3981253	97.3981253	97.3981253	97.3981253	97.3981253	97.3981253	97.3981253	97.3981253	97.3981253	97.3981253	97.3981253	97.3981253	97.3981253	97.3981253	97.3981253	97.3981253	97.3981253	97.3981253	97.3981253	97.3981253	97.3981253	97.3981253	97.3981253	97.3981253	97.3981253
NADP_e0	100.0	99.9997125	99.9993797	99.9989903	99.9985424	99.9980232	99.9974165	99.9967061	99.9958756	99.994902	99.9937722	99.992455	99.9909168	99.9891237	99.9870422	99.9846459	99.9818695	99.9786863	99.9750713	99.9709995	99.9664538	99.9614677	99.9559328	99.9499389	99.943576	99.9369341	99.9301031	99.9231729	99.9162296	99.9094387	99.9028767	99.8966094	99.8907025	99.8852009	99.8801575	99.8755647	99.8713926	99.867611	99.8641896	99.8610984	99.8583106	99.8557809	99.8534693	99.8513507	99.8493997	99.8475911	99.8458995	99.8443088	99.8427924	99.8413375	99.8399374	99.8385855	99.8372749	99.835999	99.8347511	99.8335244	99.8323132	99.8311154	99.8299286	99.8287519	99.8275842	99.8264244	99.8252716	99.8241246	99.8229824	99.821844	99.8218427	99.8218007	99.8218007	99.8208698	99.8201502	99.8195935	99.8191614	99.8188304	99.8185774	99.8183822	99.8182307	99.8181146	99.8180262	99.8179584	99.8179058	99.8178654	99.8178346	99.8178111	99.8177929	99.8177789	99.8177682	99.81776	99.8177537	99.8177489	99.8177452	99.8177423	99.8177402	99.8177385	99.8177372	99.8177362	99.8177355	99.8177349	99.8177344	99.8177341	99.8177338	99.8177336	99.8177335	99.8177333	99.8177333	99.8177332	99.8177331	99.8177331	99.8177331	99.817733	99.817733	99.817733	99.817733	99.817733	99.817733	99.817733	99.817733	99.817733	99.817733	99.817733	99.817733	99.817733	99.817733	99.817733	99.817733	99.817733	99.817733	99.817733	99.817733	99.817733	99.817733	99.817733	99.817733	99.817733	99.817733	99.817733	99.817733	99.817733	99.817733	99.817733	99.817733	99.817733	99.817733	99.817733	99.817733	99.817733	99.817733	99.817733	99.817733	99.817733	99.817733	99.817733	99.817733	99.817733	99.817733	99.817733	99.817733	99.817733	99.817733	99.817733	99.817733	99.817733	99.817733	99.817733	99.817733	99.817733	99.817733	99.817733	99.817733	99.817733	99.817733	99.817733	99.817733	99.817733	99.817733	99.817733	99.817733	99.817733	99.817733	99.817733	99.817733	99.817733	99.817733	99.817733	99.817733	99.817733	99.817733	99.817733	99.817733	99.817733	99.817733	99.817733	99.817733	99.817733	99.817733	99.817733	99.817733	99.817733	99.817733	99.817733
NH3_e0	100.0	100.0003218	100.000691	100.0011191	100.0016081	100.0021711	100.0028243	100.0035844	100.0044677	100.0054978	100.0066879	100.0080694	100.0096764	100.0115432	100.0137037	100.0161844	100.0190516	100.022332	100.0260509	100.0302334	100.0348967	100.0400067	100.0456733	100.051805	100.0583104	100.0650983	100.0720772	100.0791559	100.086247	100.0931824	100.0998844	100.1062862	100.1123213	100.1179437	100.1231001	100.1277979	100.1320675	100.1359397	100.1394451	100.1426142	100.1454742	100.1480711	100.1504455	100.1526229	100.1546291	100.1564897	100.1582304	100.1598676	100.1614283	100.1629255	100.1643659	100.1657565	100.1671039	100.168415	100.1696965	100.1709554	100.1721974	100.1734248	100.1746398	100.1758434	100.1770368	100.1782209	100.1793969	100.1805658	100.1817287	100.1828866	100.182888	100.1829299	100.1829299	100.1838362	100.1845367	100.1850785	100.185499	100.1858211	100.1860673	100.1862572	100.1864046	100.1865175	100.1866035	100.1866695	100.1867206	100.18676	100.1867899	100.1868128	100.1868305	100.1868441	100.1868545	100.1868625	100.1868686	100.1868733	100.1868769	100.1868797	100.1868818	100.1868834	100.1868847	100.1868856	100.1868864	100.1868869	100.1868874	100.1868877	100.1868879	100.1868881	100.1868883	100.1868884	100.1868885	100.1868886	100.1868886	100.1868887	100.1868887	100.1868887	100.1868887	100.1868887	100.1868887	100.1868888	100.1868888	100.1868888	100.1868888	100.1868888	100.1868888	100.1868888	100.1868888	100.1868888	100.1868888	100.1868888	100.1868888	100.1868888	100.1868888	100.1868888	100.1868888	100.1868888	100.1868888	100.1868888	100.1868888	100.1868888	100.1868888	100.1868888	100.1868888	100.1868888	100.1868888	100.1868888	100.1868888	100.1868888	100.1868888	100.1868888	100.1868888	100.1868888	100.1868888	100.1868888	100.1868888	100.1868888	100.1868888	100.1868888	100.1868888	100.1868888	100.1868888	100.1868888	100.1868888	100.1868888	100.1868888	100.1868888	100.1868888	100.1868888	100.1868888	100.1868888	100.1868888	100.1868888	100.1868888	100.1868888	100.1868888	100.1868888	100.1868888	100.1868888	100.1868888	100.1868888	100.1868888	100.1868888	100.1868888	100.1868888	100.1868888	100.1868888	100.1868888	100.1868888	100.1868888	100.1868888	100.1868888	100.1868888	100.1868888	100.1868888	100.1868888	100.1868888	100.1868888	100.1868888	100.1868888	100.1868888	100.1868888	100.1868888	100.1868888	100.1868888	100.1868888	100.1868888
Na+_e0	100.0	100.0	100.0	100.0	100.0	100.0	100.0	100.0	100.0	100.0	100.0	100.0	100.0	100.0	100.0	100.0	100.0	100.0	100.0	100.0	100.0	100.0	100.0	100.0	100.0	100.0	100.0	100.0	100.0	100.0	100.0	100.0	100.0	100.0	100.0	100.0	100.0	100.0	100.0	100.0	100.0	100.0	100.0	100.0	100.0	100.0	100.0	100.0	100.0	100.0	100.0	100.0	100.0	100.0	100.0	100.0	100.0	100.0	100.0	100.0	100.0	100.0	100.0	100.0	100.0	100.0	100.0	100.0	100.0	100.0	100.0	100.0	100.0	100.0	100.0	100.0	100.0	100.0	100.0	100.0	100.0	100.0	100.0	100.0	100.0	100.0	100.0	100.0	100.0	100.0	100.0	100.0	100.0	100.0	100.0	100.0	100.0	100.0	100.0	100.0	100.0	100.0	100.0	100.0	100.0	100.0	100.0	100.0	100.0	100.0	100.0	100.0	100.0	100.0	100.0	100.0	100.0	100.0	100.0	100.0	100.0	100.0	100.0	100.0	100.0	100.0	100.0	100.0	100.0	100.0	100.0	100.0	100.0	100.0	100.0	100.0	100.0	100.0	100.0	100.0	100.0	100.0	100.0	100.0	100.0	100.0	100.0	100.0	100.0	100.0	100.0	100.0	100.0	100.0	100.0	100.0	100.0	100.0	100.0	100.0	100.0	100.0	100.0	100.0	100.0	100.0	100.0	100.0	100.0	100.0	100.0	100.0	100.0	100.0	100.0	100.0	100.0	100.0	100.0	100.0	100.0	100.0	100.0	100.0	100.0	100.0	100.0	100.0	100.0	100.0	100.0	100.0	100.0	100.0	100.0	100.0	100.0	100.0	100.0	100.0
Niacin_e0	100.0	100.0001116	100.0002411	100.0003929	100.000568	100.0007713	100.0010093	100.0012885	100.0016154	100.0019992	100.0024451	100.0029656	100.003574	100.0042838	100.0051085	100.0060586	100.0071601	100.0084237	100.0098593	100.0114769	100.0132834	100.0152655	100.0174663	100.0198501	100.022381	100.0250231	100.0277407	100.030498	100.0332605	100.0359624	100.0385732	100.0410667	100.0434166	100.0456052	100.0476113	100.0494378	100.0510969	100.0526005	100.0539607	100.0551894	100.0562973	100.0573025	100.0582208	100.0590624	100.0598372	100.0605555	100.0612272	100.0618588	100.062461	100.0630387	100.0635947	100.0641316	100.0646522	100.065159	100.0656548	100.0661423	100.0666236	100.0670998	100.0675717	100.0680397	100.0685042	100.0689657	100.0694245	100.0698811	100.0703359	100.0707893	100.0707899	100.0708067	100.0708067	100.0711815	100.0714712	100.0716954	100.0718694	100.0720027	100.0721046	100.0721832	100.0722442	100.072291	100.0723265	100.0723539	100.072375	100.0723913	100.0724037	100.0724132	100.0724205	100.0724262	100.0724305	100.0724337	100.0724363	100.0724382	100.0724397	100.0724409	100.0724417	100.0724424	100.0724429	100.0724433	100.0724436	100.0724439	100.0724441	100.0724442	100.0724443	100.0724444	100.0724444	100.0724445	100.0724445	100.0724445	100.0724446	100.0724446	100.0724446	100.0724446	100.0724446	100.0724446	100.0724446	100.0724446	100.0724446	100.0724446	100.0724446	100.0724446	100.0724446	100.0724446	100.0724446	100.0724446	100.0724446	100.0724446	100.0724446	100.0724446	100.0724446	100.0724446	100.0724446	100.0724446	100.0724446	100.0724446	100.0724446	100.0724446	100.0724446	100.0724446	100.0724446	100.0724446	100.0724446	100.0724446	100.0724446	100.0724446	100.0724446	100.0724446	100.0724446	100.0724446	100.0724446	100.0724446	100.0724446	100.0724446	100.0724446	100.0724446	100.0724446	100.0724446	100.0724446	100.0724446	100.0724446	100.0724446	100.0724446	100.0724446	100.0724446	100.0724446	100.0724446	100.0724446	100.0724446	100.0724446	100.0724446	100.0724446	100.0724446	100.0724446	100.0724446	100.0724446	100.0724446	100.0724446	100.0724446	100.0724446	100.0724446	100.0724446	100.0724446	100.0724446	100.0724446	100.0724446	100.0724446	100.0724446	100.0724446	100.0724446	100.0724446	100.0724446	100.0724446	100.0724446	100.0724446	100.0724446	100.0724446	100.0724446	100.0724446	100.0724446	100.0724446	100.0724446	100.0724446	100.0724446
Nicotinamide ribonucleotide_e0	100.0	99.9999528	99.9998971	99.9998309	99.9997537	99.9996629	99.9995556	99.9994284	99.9992781	99.9991003	99.9988924	99.9986483	99.9983613	99.9980248	99.9976322	99.9971783	99.9966502	99.9960427	99.9953509	99.9945698	99.9936959	99.9927359	99.9916684	99.9905109	99.9892811	99.9879965	99.9866747	99.9853332	99.9839889	99.9826741	99.9814037	99.9801906	99.9790476	99.9779836	99.9770088	99.9761217	99.9753166	99.9745874	99.9739283	99.9733334	99.9727976	99.9723118	99.9718683	99.9714622	99.9710886	99.9707425	99.9704189	99.9701147	99.9698247	99.9695464	99.9692785	99.9690197	99.9687686	99.968524	99.9682845	99.9680488	99.9678158	99.9675851	99.9673562	99.967129	99.9669031	99.9666785	99.9664549	99.966232	99.9660098	99.965788	99.9657877	99.9657793	99.9657793	99.9655858	99.9654361	99.9653203	99.9652304	99.9651615	99.9651089	99.9650683	99.9650367	99.9650126	99.9649942	99.96498	99.9649691	99.9649607	99.9649543	99.9649494	99.9649456	99.9649427	99.9649404	99.9649387	99.9649374	99.9649364	99.9649357	99.9649351	99.9649346	99.9649343	99.964934	99.9649338	99.9649336	99.9649335	99.9649334	99.9649333	99.9649333	99.9649333	99.9649332	99.9649332	99.9649332	99.9649332	99.9649332	99.9649331	99.9649331	99.9649331	99.9649331	99.9649331	99.9649331	99.9649331	99.9649331	99.9649331	99.9649331	99.9649331	99.9649331	99.9649331	99.9649331	99.9649331	99.9649331	99.9649331	99.9649331	99.9649331	99.9649331	99.9649331	99.9649331	99.9649331	99.9649331	99.9649331	99.9649331	99.9649331	99.9649331	99.9649331	99.9649331	99.9649331	99.9649331	99.9649331	99.9649331	99.9649331	99.9649331	99.9649331	99.9649331	99.9649331	99.9649331	99.9649331	99.9649331	99.9649331	99.9649331	99.9649331	99.9649331	99.9649331	99.9649331	99.9649331	99.9649331	99.9649331	99.9649331	99.9649331	99.9649331	99.9649331	99.9649331	99.9649331	99.9649331	99.9649331	99.9649331	99.9649331	99.9649331	99.9649331	99.9649331	99.9649331	99.9649331	99.9649331	99.9649331	99.9649331	99.9649331	99.9649331	99.9649331	99.9649331	99.9649331	99.9649331	99.9649331	99.9649331	99.9649331	99.9649331	99.9649331	99.9649331	99.9649331	99.9649331	99.9649331	99.9649331	99.9649331	99.9649331	99.9649331	99.9649331	99.9649331	99.9649331	99.9649331	99.9649331
Nitrate_e0	100.0	100.0	100.0	100.0	100.0	100.0	100.0	100.0	100.0	100.0	100.0	100.0	100.0	100.0	100.0	100.0	100.0	100.0	100.0	100.0	100.0	100.0	100.0	100.0	100.0	100.0	100.0	100.0	100.0	100.0	100.0	100.0	100.0	100.0	100.0	100.0	100.0	100.0	100.0	100.0	100.0	100.0	100.0	100.0	100.0	100.0	100.0	100.0	100.0	100.0	100.0	100.0	100.0	100.0	100.0	100.0	100.0	100.0	100.0	100.0	100.0	100.0	100.0	100.0	100.0	100.0	100.0	100.0	100.0	100.0	100.0	100.0	100.0	100.0	100.0	100.0	100.0	100.0	100.0	100.0	100.0	100.0	100.0	100.0	100.0	100.0	100.0	100.0	100.0	100.0	100.0	100.0	100.0	100.0	100.0	100.0	100.0	100.0	100.0	100.0	100.0	100.0	100.0	100.0	100.0	100.0	100.0	100.0	100.0	100.0	100.0	100.0	100.0	100.0	100.0	100.0	100.0	100.0	100.0	100.0	100.0	100.0	100.0	100.0	100.0	100.0	100.0	100.0	100.0	100.0	100.0	100.0	100.0	100.0	100.0	100.0	100.0	100.0	100.0	100.0	100.0	100.0	100.0	100.0	100.0	100.0	100.0	100.0	100.0	100.0	100.0	100.0	100.0	100.0	100.0	100.0	100.0	100.0	100.0	100.0	100.0	100.0	100.0	100.0	100.0	100.0	100.0	100.0	100.0	100.0	100.0	100.0	100.0	100.0	100.0	100.0	100.0	100.0	100.0	100.0	100.0	100.0	100.0	100.0	100.0	100.0	100.0	100.0	100.0	100.0	100.0	100.0	100.0	100.0	100.0	100.0	100.0	100.0	100.0	100.0
Nitrite_e0	100.0	100.0002361	100.0005143	100.0008455	100.0012317	100.0016853	100.0022222	100.0028582	100.0036094	100.0044983	100.0055378	100.0067585	100.0081934	100.0098759	100.011839	100.0141086	100.0167489	100.0197863	100.0232455	100.0271512	100.0315203	100.0363205	100.0416582	100.0474454	100.0535944	100.0600174	100.0666265	100.0733338	100.0800556	100.0866297	100.0929816	100.0990471	100.1047619	100.110082	100.1149561	100.1193914	100.1234172	100.127063	100.1303584	100.1333328	100.1360122	100.1384411	100.1406584	100.1426888	100.144557	100.1462877	100.1479056	100.1494265	100.1508765	100.1522679	100.1536075	100.1549016	100.156157	100.1573801	100.1585776	100.1597559	100.1609208	100.1620744	100.1632188	100.1643552	100.1654844	100.1666076	100.1677257	100.1688398	100.169951	100.1710601	100.1710614	100.1711035	100.1711035	100.1720712	100.1728194	100.1733984	100.173848	100.1741923	100.1744556	100.1746587	100.1748164	100.1749372	100.1750292	100.1750998	100.1751545	100.1751966	100.1752286	100.1752531	100.175272	100.1752866	100.1752978	100.1753063	100.1753128	100.1753179	100.1753217	100.1753247	100.1753269	100.1753287	100.17533	100.175331	100.1753318	100.1753324	100.1753329	100.1753333	100.1753335	100.1753337	100.1753339	100.175334	100.1753341	100.1753342	100.1753342	100.1753343	100.1753343	100.1753343	100.1753344	100.1753344	100.1753344	100.1753344	100.1753344	100.1753344	100.1753344	100.1753344	100.1753344	100.1753344	100.1753344	100.1753344	100.1753344	100.1753344	100.1753344	100.1753344	100.1753344	100.1753344	100.1753344	100.1753344	100.1753344	100.1753344	100.1753344	100.1753344	100.1753344	100.1753344	100.1753344	100.1753344	100.1753344	100.1753344	100.1753344	100.1753344	100.1753344	100.1753344	100.1753344	100.1753344	100.1753344	100.1753344	100.1753344	100.1753344	100.1753344	100.1753344	100.1753344	100.1753344	100.1753344	100.1753344	100.1753344	100.1753344	100.1753344	100.1753344	100.1753344	100.1753344	100.1753344	100.1753344	100.1753344	100.1753344	100.1753344	100.1753344	100.1753344	100.1753344	100.1753344	100.1753344	100.1753344	100.1753344	100.1753344	100.1753344	100.1753344	100.1753344	100.1753344	100.1753344	100.1753344	100.1753344	100.1753344	100.1753344	100.1753344	100.1753344	100.1753344	100.1753344	100.1753344	100.1753344	100.1753344	100.1753344	100.1753344	100.1753344	100.1753344	100.1753344	100.1753344	100.1753344	100.1753344	100.1753344
O2_e0	100.0	100.7934869	101.5474017	102.2512872	102.9034253	103.4921107	104.0023442	104.419127	104.72746	104.9058334	104.9422351	104.8078005	104.4711272	103.900813	103.0654554	101.9405807	100.4653905	98.6147779	96.36516	93.6929542	90.5819058	87.062687	83.0338108	78.5783087	73.7792123	68.7195532	63.4823629	58.1506729	52.8039034	47.5954953	42.5963872	37.8675284	33.4698683	29.4452902	25.8427222	22.65557	19.8559905	17.4161408	15.3081779	13.5042588	11.9797327	10.6926178	9.6060473	8.6966178	7.940926	7.3155684	6.7971415	6.3707009	6.011562	5.7079074	5.4535209	5.2421864	5.0676878	4.9238089	4.8043337	4.703046	4.6145386	4.5368309	4.4678462	4.4066139	4.3521629	4.3035227	4.2597222	4.2197908	4.1827577	4.147671	4.1476311	4.146457	4.1464568	4.2393755	4.5415117	5.0049983	5.5918289	6.2788984	7.0431016	7.8646618	8.729493	9.6294235	10.5568172	11.504538	12.4673673	13.4422312	14.4266795	15.4183006	16.4152339	17.4162522	18.4205765	19.4274276	20.43614	21.4462507	22.4574929	23.4696194	24.4823988	25.4956624	26.5093108	27.5232659	28.5374505	29.551805	30.5662897	31.58088	32.5955509	33.6102823	34.6250569	35.6398668	36.6547054	37.6695662	38.6844428	39.6993314	40.7142284	41.7291326	42.7440427	43.7589575	44.7738759	45.7887965	46.8037191	47.8186429	48.8335676	49.8484932	50.8634196	51.8783466	52.8932741	53.908202	54.92313	55.9380582	56.9529865	57.9679149	58.9828433	59.9977718	61.0127003	62.0276289	63.0425575	64.0574861	65.0724147	66.0873434	67.1022721	68.1172008	69.1321295	70.1615582	71.190987	72.2204157	73.2498444	74.2792732	75.3087019	76.3381306	77.3675594	78.3969881	79.4264169	80.4558456	81.4852743	82.5147031	83.5441318	84.5735605	85.6029893	86.632418	87.6618468	88.6912755	89.7207042	90.750133	91.7795617	92.8089904	93.8384192	94.8678479	95.8972767	96.9267054	97.9561341	98.9855629	100.0149916	101.0444203	102.0738491	103.1032778	104.1327066	105.1621353	106.191564	107.2209928	108.2504215	109.2798502	110.309279	111.3387077	112.3681365	113.3975652	114.4269939	115.4564227	116.4858514	117.5152801	118.5447089	119.5741376	120.6035664	121.6329951	122.6624238	123.6918526	124.7212813	125.75071	126.7801388	127.8095675	128.8389963	129.868425	130.8978537	131.9272825	132.9567112	133.9861399
Oxidized glutathione_e0	100.0	99.9999442	99.9998795	99.9998035	99.999716	99.9996144	99.9994953	99.9993557	99.9991923	99.9990004	99.9987774	99.9985172	99.998213	99.9978581	99.9974457	99.9969707	99.99642	99.9957882	99.9950704	99.9942615	99.9933583	99.9923673	99.9912669	99.990075	99.9888095	99.9874884	99.9861296	99.984751	99.9833697	99.9820188	99.9807134	99.9794667	99.9782917	99.9771974	99.9761944	99.9752811	99.9744515	99.9736997	99.9730197	99.9724053	99.9718514	99.9713488	99.9708896	99.9704688	99.9700814	99.9697223	99.9693864	99.9690706	99.9687695	99.9684807	99.9682027	99.9679342	99.9676739	99.9674205	99.9671726	99.9669289	99.9666882	99.9664501	99.9662141	99.9659801	99.9657479	99.9655172	99.9652877	99.9650594	99.964832	99.9646053	99.9646051	99.9645967	99.9645967	99.9644093	99.9642644	99.9641523	99.9640653	99.9639987	99.9639477	99.9639084	99.9638779	99.9638545	99.9638367	99.9638231	99.9638125	99.9638043	99.9637981	99.9637934	99.9637898	99.9637869	99.9637848	99.9637831	99.9637819	99.9637809	99.9637801	99.9637796	99.9637791	99.9637788	99.9637785	99.9637783	99.9637782	99.9637781	99.963778	99.9637779	99.9637779	99.9637778	99.9637778	99.9637778	99.9637777	99.9637777	99.9637777	99.9637777	99.9637777	99.9637777	99.9637777	99.9637777	99.9637777	99.9637777	99.9637777	99.9637777	99.9637777	99.9637777	99.9637777	99.9637777	99.9637777	99.9637777	99.9637777	99.9637777	99.9637777	99.9637777	99.9637777	99.9637777	99.9637777	99.9637777	99.9637777	99.9637777	99.9637777	99.9637777	99.9637777	99.9637777	99.9637777	99.9637777	99.9637777	99.9637777	99.9637777	99.9637777	99.9637777	99.9637777	99.9637777	99.9637777	99.9637777	99.9637777	99.9637777	99.9637777	99.9637777	99.9637777	99.9637777	99.9637777	99.9637777	99.9637777	99.9637777	99.9637777	99.9637777	99.9637777	99.9637777	99.9637777	99.9637777	99.9637777	99.9637777	99.9637777	99.9637777	99.9637777	99.9637777	99.9637777	99.9637777	99.9637777	99.9637777	99.9637777	99.9637777	99.9637777	99.9637777	99.9637777	99.9637777	99.9637777	99.9637777	99.9637777	99.9637777	99.9637777	99.9637777	99.9637777	99.9637777	99.9637777	99.9637777	99.9637777	99.9637777	99.9637777	99.9637777	99.9637777	99.9637777	99.9637777	99.9637777	99.9637777	99.9637777	99.9637777
PAN_e0	100.0	100.0	100.0	100.0	100.0	100.0	100.0	100.0	100.0	100.0	100.0	100.0	100.0	100.0	100.0	100.0	100.0	100.0	100.0	100.0	100.0	100.0	100.0	100.0	100.0	100.0	100.0	100.0	100.0	100.0	100.0	100.0	100.0	100.0	100.0	100.0	100.0	100.0	100.0	100.0	100.0	100.0	100.0	100.0	100.0	100.0	100.0	100.0	100.0	100.0	100.0	100.0	100.0	100.0	100.0	100.0	100.0	100.0	100.0	100.0	100.0	100.0	100.0	100.0	100.0	100.0	100.0	100.0	100.0	100.0	100.0	100.0	100.0	100.0	100.0	100.0	100.0	100.0	100.0	100.0	100.0	100.0	100.0	100.0	100.0	100.0	100.0	100.0	100.0	100.0	100.0	100.0	100.0	100.0	100.0	100.0	100.0	100.0	100.0	100.0	100.0	100.0	100.0	100.0	100.0	100.0	100.0	100.0	100.0	100.0	100.0	100.0	100.0	100.0	100.0	100.0	100.0	100.0	100.0	100.0	100.0	100.0	100.0	100.0	100.0	100.0	100.0	100.0	100.0	100.0	100.0	100.0	100.0	100.0	100.0	100.0	100.0	100.0	100.0	100.0	100.0	100.0	100.0	100.0	100.0	100.0	100.0	100.0	100.0	100.0	100.0	100.0	100.0	100.0	100.0	100.0	100.0	100.0	100.0	100.0	100.0	100.0	100.0	100.0	100.0	100.0	100.0	100.0	100.0	100.0	100.0	100.0	100.0	100.0	100.0	100.0	100.0	100.0	100.0	100.0	100.0	100.0	100.0	100.0	100.0	100.0	100.0	100.0	100.0	100.0	100.0	100.0	100.0	100.0	100.0	100.0	100.0	100.0	100.0	100.0
PPi_e0	100.0	100.0004912	100.0010703	100.0017607	100.0025661	100.0035129	100.0046345	100.0059645	100.0075366	100.009399	100.0115785	100.0141399	100.0171538	100.0206908	100.0248215	100.0296011	100.0351662	100.0415737	100.0488771	100.05713	100.0663693	100.0765263	100.0878312	100.1000974	100.1131389	100.1267693	100.1408022	100.1550514	100.1693386	100.1833183	100.1968309	100.2097388	100.2219044	100.2332334	100.243615	100.2530635	100.2616414	100.2694112	100.2764353	100.282776	100.2884887	100.2936677	100.2983958	100.3027257	100.3067101	100.3104015	100.3138525	100.3170968	100.3201899	100.3231584	100.3260162	100.3287774	100.3314559	100.3340658	100.3366209	100.3391354	100.3416213	100.3440831	100.3465256	100.3489508	100.3513609	100.3537583	100.3561449	100.3585231	100.360895	100.3632627	100.3632655	100.3633512	100.3633512	100.3652048	100.3666375	100.3677457	100.3686059	100.3692645	100.3697682	100.3701567	100.3704582	100.3706891	100.370865	100.3709999	100.3711046	100.371185	100.3712463	100.3712931	100.3713292	100.3713572	100.3713785	100.3713947	100.3714072	100.3714168	100.3714242	100.3714299	100.3714342	100.3714375	100.3714401	100.3714421	100.3714435	100.3714447	100.3714456	100.3714463	100.3714468	100.3714472	100.3714475	100.3714477	100.3714479	100.3714481	100.3714482	100.3714482	100.3714483	100.3714484	100.3714484	100.3714484	100.3714484	100.3714485	100.3714485	100.3714485	100.3714485	100.3714485	100.3714485	100.3714485	100.3714485	100.3714485	100.3714485	100.3714485	100.3714485	100.3714485	100.3714485	100.3714485	100.3714485	100.3714485	100.3714485	100.3714485	100.3714485	100.3714485	100.3714485	100.3714485	100.3714485	100.3714485	100.3714485	100.3714485	100.3714485	100.3714485	100.3714485	100.3714485	100.3714485	100.3714485	100.3714485	100.3714485	100.3714485	100.3714485	100.3714485	100.3714485	100.3714485	100.3714485	100.3714485	100.3714485	100.3714485	100.3714485	100.3714485	100.3714485	100.3714485	100.3714485	100.3714485	100.3714485	100.3714485	100.3714485	100.3714485	100.3714485	100.3714485	100.3714485	100.3714485	100.3714485	100.3714485	100.3714485	100.3714485	100.3714485	100.3714485	100.3714485	100.3714485	100.3714485	100.3714485	100.3714485	100.3714485	100.3714485	100.3714485	100.3714485	100.3714485	100.3714485	100.3714485	100.3714485	100.3714485	100.3714485	100.3714485	100.3714485	100.3714485	100.3714485	100.3714485	100.3714485	100.3714485	100.3714485
Pimelate_e0	100.0	99.9999555	99.9999085	99.9998588	99.9998063	99.9997508	99.9996923	99.9996306	99.9995657	99.9994974	99.9994256	99.9993502	99.9992712	99.9991887	99.9991027	99.9990133	99.9989204	99.9988244	99.9987256	99.9986245	99.9985213	99.9984166	99.9983112	99.9982056	99.9981005	99.9979967	99.9978948	99.9977955	99.9976993	99.9976068	99.9975183	99.9974339	99.9973536	99.9972775	99.9972056	99.9971377	99.9970735	99.9970128	99.9969554	99.9969011	99.9968496	99.9968008	99.9967544	99.9967102	99.9966683	99.9966284	99.9965905	99.9965544	99.9965201	99.9964876	99.9964567	99.9964275	99.9964	99.9963741	99.9963498	99.9963272	99.9963061	99.9962866	99.9962687	99.9962524	99.9962377	99.9962246	99.996213	99.9962031	99.9961947	99.9961878	99.9961878	99.9961876	99.9961876	99.9961823	99.9961782	99.9961751	99.9961727	99.9961708	99.9961694	99.9961683	99.9961675	99.9961668	99.9961663	99.996166	99.9961657	99.9961654	99.9961653	99.9961651	99.996165	99.996165	99.9961649	99.9961648	99.9961648	99.9961648	99.9961648	99.9961647	99.9961647	99.9961647	99.9961647	99.9961647	99.9961647	99.9961647	99.9961647	99.9961647	99.9961647	99.9961647	99.9961647	99.9961647	99.9961647	99.9961647	99.9961647	99.9961647	99.9961647	99.9961647	99.9961647	99.9961647	99.9961647	99.9961647	99.9961647	99.9961647	99.9961647	99.9961647	99.9961647	99.9961647	99.9961647	99.9961647	99.9961647	99.9961647	99.9961647	99.9961647	99.9961647	99.9961647	99.9961647	99.9961647	99.9961647	99.9961647	99.9961647	99.9961647	99.9961647	99.9961647	99.9961647	99.9961647	99.9961647	99.9961647	99.9961647	99.9961647	99.9961647	99.9961647	99.9961647	99.9961647	99.9961647	99.9961647	99.9961647	99.9961647	99.9961647	99.9961647	99.9961647	99.9961647	99.9961647	99.9961647	99.9961647	99.9961647	99.9961647	99.9961647	99.9961647	99.9961647	99.9961647	99.9961647	99.9961647	99.9961647	99.9961647	99.9961647	99.9961647	99.9961647	99.9961647	99.9961647	99.9961647	99.9961647	99.9961647	99.9961647	99.9961647	99.9961647	99.9961647	99.9961647	99.9961647	99.9961647	99.9961647	99.9961647	99.9961647	99.9961647	99.9961647	99.9961647	99.9961647	99.9961647	99.9961647	99.9961647	99.9961647	99.9961647	99.9961647	99.9961647	99.9961647	99.9961647	99.9961647	99.9961647
Putrescine_e0	100.0	99.9998884	99.9997589	99.9996071	99.999432	99.9992287	99.9989907	99.9987115	99.9983846	99.9980008	99.9975549	99.9970344	99.996426	99.9957162	99.9948915	99.9939414	99.9928399	99.9915763	99.9901407	99.9885231	99.9867166	99.9847345	99.9825337	99.9801499	99.977619	99.9749769	99.9722593	99.969502	99.9667395	99.9640376	99.9614268	99.9589333	99.9565834	99.9543948	99.9523887	99.9505622	99.9489031	99.9473995	99.9460393	99.9448106	99.9437027	99.9426975	99.9417792	99.9409376	99.9401628	99.9394445	99.9387728	99.9381412	99.937539	99.9369613	99.9364053	99.9358684	99.9353478	99.934841	99.9343452	99.9338577	99.9333764	99.9329002	99.9324283	99.9319603	99.9314958	99.9310343	99.9305755	99.9301189	99.9296641	99.9292107	99.9292101	99.9291933	99.9291933	99.9288185	99.9285288	99.9283046	99.9281306	99.9279973	99.9278954	99.9278168	99.9277558	99.927709	99.9276735	99.9276461	99.927625	99.9276087	99.9275963	99.9275868	99.9275795	99.9275738	99.9275695	99.9275663	99.9275637	99.9275618	99.9275603	99.9275591	99.9275583	99.9275576	99.9275571	99.9275567	99.9275564	99.9275561	99.9275559	99.9275558	99.9275557	99.9275556	99.9275556	99.9275555	99.9275555	99.9275555	99.9275554	99.9275554	99.9275554	99.9275554	99.9275554	99.9275554	99.9275554	99.9275554	99.9275554	99.9275554	99.9275554	99.9275554	99.9275554	99.9275554	99.9275554	99.9275554	99.9275554	99.9275554	99.9275554	99.9275554	99.9275554	99.9275554	99.9275554	99.9275554	99.9275554	99.9275554	99.9275554	99.9275554	99.9275554	99.9275554	99.9275554	99.9275554	99.9275554	99.9275554	99.9275554	99.9275554	99.9275554	99.9275554	99.9275554	99.9275554	99.9275554	99.9275554	99.9275554	99.9275554	99.9275554	99.9275554	99.9275554	99.9275554	99.9275554	99.9275554	99.9275554	99.9275554	99.9275554	99.9275554	99.9275554	99.9275554	99.9275554	99.9275554	99.9275554	99.9275554	99.9275554	99.9275554	99.9275554	99.9275554	99.9275554	99.9275554	99.9275554	99.9275554	99.9275554	99.9275554	99.9275554	99.9275554	99.9275554	99.9275554	99.9275554	99.9275554	99.9275554	99.9275554	99.9275554	99.9275554	99.9275554	99.9275554	99.9275554	99.9275554	99.9275554	99.9275554	99.9275554	99.9275554	99.9275554	99.9275554	99.9275554	99.9275554	99.9275554	99.9275554
Pyridoxal_e0	100.0	99.9998884	99.9997589	99.9996071	99.999432	99.9992287	99.9989907	99.9987115	99.9983846	99.9980008	99.9975549	99.9970344	99.996426	99.9957162	99.9948915	99.9939414	99.9928399	99.9915763	99.9901407	99.9885231	99.9867166	99.9847345	99.9825337	99.9801499	99.977619	99.9749769	99.9722593	99.969502	99.9667395	99.9640376	99.9614268	99.9589333	99.9565834	99.9543948	99.9523887	99.9505622	99.9489031	99.9473995	99.9460393	99.9448106	99.9437027	99.9426975	99.9417792	99.9409376	99.9401628	99.9394445	99.9387728	99.9381412	99.937539	99.9369613	99.9364053	99.9358684	99.9353478	99.934841	99.9343452	99.9338577	99.9333764	99.9329002	99.9324283	99.9319603	99.9314958	99.9310343	99.9305755	99.9301189	99.9296641	99.9292107	99.9292101	99.9291933	99.9291933	99.9288185	99.9285288	99.9283046	99.9281306	99.9279973	99.9278954	99.9278168	99.9277558	99.927709	99.9276735	99.9276461	99.927625	99.9276087	99.9275963	99.9275868	99.9275795	99.9275738	99.9275695	99.9275663	99.9275637	99.9275618	99.9275603	99.9275591	99.9275583	99.9275576	99.9275571	99.9275567	99.9275564	99.9275561	99.9275559	99.9275558	99.9275557	99.9275556	99.9275556	99.9275555	99.9275555	99.9275555	99.9275554	99.9275554	99.9275554	99.9275554	99.9275554	99.9275554	99.9275554	99.9275554	99.9275554	99.9275554	99.9275554	99.9275554	99.9275554	99.9275554	99.9275554	99.9275554	99.9275554	99.9275554	99.9275554	99.9275554	99.9275554	99.9275554	99.9275554	99.9275554	99.9275554	99.9275554	99.9275554	99.9275554	99.9275554	99.9275554	99.9275554	99.9275554	99.9275554	99.9275554	99.9275554	99.9275554	99.9275554	99.9275554	99.9275554	99.9275554	99.9275554	99.9275554	99.9275554	99.9275554	99.9275554	99.9275554	99.9275554	99.9275554	99.9275554	99.9275554	99.9275554	99.9275554	99.9275554	99.9275554	99.9275554	99.9275554	99.9275554	99.9275554	99.9275554	99.9275554	99.9275554	99.9275554	99.9275554	99.9275554	99.9275554	99.9275554	99.9275554	99.9275554	99.9275554	99.9275554	99.9275554	99.9275554	99.9275554	99.9275554	99.9275554	99.9275554	99.9275554	99.9275554	99.9275554	99.9275554	99.9275554	99.9275554	99.9275554	99.9275554	99.9275554	99.9275554	99.9275554	99.9275554	99.9275554	99.9275554	99.9275554	99.9275554	99.9275554	99.9275554
Riboflavin_e0	100.0	99.9996652	99.9992768	99.9988212	99.9982961	99.9976862	99.9969721	99.9961344	99.9951538	99.9940024	99.9926646	99.9911033	99.9892781	99.9871486	99.9846744	99.9818242	99.9785197	99.974729	99.9704222	99.9655693	99.9601498	99.9542036	99.9476011	99.9404498	99.9328571	99.9249306	99.9167778	99.9085061	99.9002185	99.8921127	99.8842804	99.8768	99.8697501	99.8631845	99.8571662	99.8516865	99.8467092	99.8421984	99.8381179	99.8344318	99.8311081	99.8280926	99.8253376	99.8228129	99.8204883	99.8183335	99.8163184	99.8144235	99.8126171	99.810884	99.809216	99.8076051	99.8060435	99.8045229	99.8030355	99.8015732	99.8001291	99.7987005	99.7972848	99.7958809	99.7944873	99.7931029	99.7917264	99.7903566	99.7889922	99.787632	99.7876304	99.78758	99.78758	99.7864556	99.7855863	99.7849139	99.7843918	99.783992	99.7836862	99.7834504	99.7832674	99.7831271	99.7830204	99.7829384	99.7828749	99.782826	99.7827889	99.7827605	99.7827385	99.7827215	99.7827086	99.7826988	99.7826912	99.7826853	99.7826808	99.7826774	99.7826748	99.7826727	99.7826712	99.78267	99.7826691	99.7826684	99.7826678	99.7826674	99.7826671	99.7826669	99.7826667	99.7826665	99.7826664	99.7826664	99.7826663	99.7826662	99.7826662	99.7826662	99.7826661	99.7826661	99.7826661	99.7826661	99.7826661	99.7826661	99.7826661	99.7826661	99.7826661	99.7826661	99.7826661	99.7826661	99.7826661	99.7826661	99.7826661	99.7826661	99.7826661	99.7826661	99.7826661	99.7826661	99.7826661	99.7826661	99.7826661	99.7826661	99.7826661	99.7826661	99.7826661	99.7826661	99.7826661	99.7826661	99.7826661	99.7826661	99.7826661	99.7826661	99.7826661	99.7826661	99.7826661	99.7826661	99.7826661	99.7826661	99.7826661	99.7826661	99.7826661	99.7826661	99.7826661	99.7826661	99.7826661	99.7826661	99.7826661	99.7826661	99.7826661	99.7826661	99.7826661	99.7826661	99.7826661	99.7826661	99.7826661	99.7826661	99.7826661	99.7826661	99.7826661	99.7826661	99.7826661	99.7826661	99.7826661	99.7826661	99.7826661	99.7826661	99.7826661	99.7826661	99.7826661	99.7826661	99.7826661	99.7826661	99.7826661	99.7826661	99.7826661	99.7826661	99.7826661	99.7826661	99.7826661	99.7826661	99.7826661	99.7826661	99.7826661	99.7826661	99.7826661	99.7826661	99.7826661	99.7826661
S-Adenosyl-L-methionine_e0	100.0	99.999699	99.9993462	99.9989283	99.998443	99.9978751	99.9972054	99.9964145	99.9954831	99.9943835	99.9931002	99.9915961	99.9898307	99.9877637	99.9853548	99.9825724	99.9793383	99.9756204	99.9713885	99.9666123	99.961271	99.9554042	99.9488817	99.9418104	99.9342974	99.9264496	99.918374	99.9101777	99.901963	99.8939274	99.8861622	99.8787459	99.8717568	99.8652489	99.8592851	99.8538569	99.8489283	99.8444635	99.8404265	99.8367816	99.833497	99.8305185	99.8277987	99.8253075	99.8230147	99.8208901	99.8189037	99.8170362	99.8152558	99.8135473	99.8119027	99.810314	99.8087733	99.8072723	99.8058033	99.8043582	99.80293	99.8015162	99.8001141	99.7987225	99.7973401	99.7959657	99.794598	99.7932357	99.7918777	99.7905226	99.7905211	99.7904708	99.7904708	99.7893504	99.7884842	99.7878141	99.7872939	99.7868955	99.7865908	99.7863559	99.7861735	99.7860337	99.7859273	99.7858457	99.7857824	99.7857337	99.7856966	99.7856683	99.7856464	99.7856295	99.7856167	99.7856068	99.7855993	99.7855934	99.785589	99.7855855	99.7855829	99.7855809	99.7855794	99.7855782	99.7855773	99.7855766	99.785576	99.7855756	99.7855753	99.7855751	99.7855749	99.7855747	99.7855746	99.7855745	99.7855745	99.7855744	99.7855744	99.7855744	99.7855743	99.7855743	99.7855743	99.7855743	99.7855743	99.7855743	99.7855743	99.7855743	99.7855743	99.7855743	99.7855743	99.7855743	99.7855743	99.7855743	99.7855743	99.7855743	99.7855743	99.7855743	99.7855743	99.7855743	99.7855743	99.7855743	99.7855743	99.7855743	99.7855743	99.7855743	99.7855743	99.7855743	99.7855743	99.7855743	99.7855743	99.7855743	99.7855743	99.7855743	99.7855743	99.7855743	99.7855743	99.7855743	99.7855743	99.7855743	99.7855743	99.7855743	99.7855743	99.7855743	99.7855743	99.7855743	99.7855743	99.7855743	99.7855743	99.7855743	99.7855743	99.7855743	99.7855743	99.7855743	99.7855743	99.7855743	99.7855743	99.7855743	99.7855743	99.7855743	99.7855743	99.7855743	99.7855743	99.7855743	99.7855743	99.7855743	99.7855743	99.7855743	99.7855743	99.7855743	99.7855743	99.7855743	99.7855743	99.7855743	99.7855743	99.7855743	99.7855743	99.7855743	99.7855743	99.7855743	99.7855743	99.7855743	99.7855743	99.7855743	99.7855743	99.7855743	99.7855743	99.7855743	99.7855743	99.7855743
Spermidine_e0	100.0	99.9998884	99.9997589	99.9996071	99.999432	99.9992287	99.9989907	99.9987115	99.9983846	99.9980008	99.9975549	99.9970344	99.996426	99.9957162	99.9948915	99.9939414	99.9928399	99.9915763	99.9901407	99.9885231	99.9867166	99.9847345	99.9825337	99.9801499	99.977619	99.9749769	99.9722593	99.969502	99.9667395	99.9640376	99.9614268	99.9589333	99.9565834	99.9543948	99.9523887	99.9505622	99.9489031	99.9473995	99.9460393	99.9448106	99.9437027	99.9426975	99.9417792	99.9409376	99.9401628	99.9394445	99.9387728	99.9381412	99.937539	99.9369613	99.9364053	99.9358684	99.9353478	99.934841	99.9343452	99.9338577	99.9333764	99.9329002	99.9324283	99.9319603	99.9314958	99.9310343	99.9305755	99.9301189	99.9296641	99.9292107	99.9292101	99.9291933	99.9291933	99.9288185	99.9285288	99.9283046	99.9281306	99.9279973	99.9278954	99.9278168	99.9277558	99.927709	99.9276735	99.9276461	99.927625	99.9276087	99.9275963	99.9275868	99.9275795	99.9275738	99.9275695	99.9275663	99.9275637	99.9275618	99.9275603	99.9275591	99.9275583	99.9275576	99.9275571	99.9275567	99.9275564	99.9275561	99.9275559	99.9275558	99.9275557	99.9275556	99.9275556	99.9275555	99.9275555	99.9275555	99.9275554	99.9275554	99.9275554	99.9275554	99.9275554	99.9275554	99.9275554	99.9275554	99.9275554	99.9275554	99.9275554	99.9275554	99.9275554	99.9275554	99.9275554	99.9275554	99.9275554	99.9275554	99.9275554	99.9275554	99.9275554	99.9275554	99.9275554	99.9275554	99.9275554	99.9275554	99.9275554	99.9275554	99.9275554	99.9275554	99.9275554	99.9275554	99.9275554	99.9275554	99.9275554	99.9275554	99.9275554	99.9275554	99.9275554	99.9275554	99.9275554	99.9275554	99.9275554	99.9275554	99.9275554	99.9275554	99.9275554	99.9275554	99.9275554	99.9275554	99.9275554	99.9275554	99.9275554	99.9275554	99.9275554	99.9275554	99.9275554	99.9275554	99.9275554	99.9275554	99.9275554	99.9275554	99.9275554	99.9275554	99.9275554	99.9275554	99.9275554	99.9275554	99.9275554	99.9275554	99.9275554	99.9275554	99.9275554	99.9275554	99.9275554	99.9275554	99.9275554	99.9275554	99.9275554	99.9275554	99.9275554	99.9275554	99.9275554	99.9275554	99.9275554	99.9275554	99.9275554	99.9275554	99.9275554	99.9275554	99.9275554	99.9275554	99.9275554	99.9275554
Succinate_e0	100.0	100.0	100.0	100.0	100.0	100.0	100.0	100.0	100.0	100.0	100.0	100.0	100.0	100.0	100.0	100.0	100.0	100.0	100.0	100.0	100.0	100.0	100.0	100.0	100.0	100.0	100.0	100.0	100.0	100.0	100.0	100.0	100.0	100.0	100.0	100.0	100.0	100.0	100.0	100.0	100.0	100.0	100.0	100.0	100.0	100.0	100.0	100.0	100.0	100.0	100.0	100.0	100.0	100.0	100.0	100.0	100.0	100.0	100.0	100.0	100.0	100.0	100.0	100.0	100.0	100.0	100.0	100.0	100.0	100.0	100.0	100.0	100.0	100.0	100.0	100.0	100.0	100.0	100.0	100.0	100.0	100.0	100.0	100.0	100.0	100.0	100.0	100.0	100.0	100.0	100.0	100.0	100.0	100.0	100.0	100.0	100.0	100.0	100.0	100.0	100.0	100.0	100.0	100.0	100.0	100.0	100.0	100.0	100.0	100.0	100.0	100.0	100.0	100.0	100.0	100.0	100.0	100.0	100.0	100.0	100.0	100.0	100.0	100.0	100.0	100.0	100.0	100.0	100.0	100.0	100.0	100.0	100.0	100.0	100.0	100.0	100.0	100.0	100.0	100.0	100.0	100.0	100.0	100.0	100.0	100.0	100.0	100.0	100.0	100.0	100.0	100.0	100.0	100.0	100.0	100.0	100.0	100.0	100.0	100.0	100.0	100.0	100.0	100.0	100.0	100.0	100.0	100.0	100.0	100.0	100.0	100.0	100.0	100.0	100.0	100.0	100.0	100.0	100.0	100.0	100.0	100.0	100.0	100.0	100.0	100.0	100.0	100.0	100.0	100.0	100.0	100.0	100.0	100.0	100.0	100.0	100.0	100.0	100.0	100.0
Sulfate_e0	100.0	99.9998884	99.9997589	99.9996071	99.999432	99.9992287	99.9989907	99.9987115	99.9983846	99.9980008	99.9975549	99.9970344	99.996426	99.9957162	99.9948915	99.9939414	99.9928399	99.9915763	99.9901407	99.9885231	99.9867166	99.9847345	99.9825337	99.9801499	99.977619	99.9749769	99.9722593	99.969502	99.9667395	99.9640376	99.9614268	99.9589333	99.9565834	99.9543948	99.9523887	99.9505622	99.9489031	99.9473995	99.9460393	99.9448106	99.9437027	99.9426975	99.9417792	99.9409376	99.9401628	99.9394445	99.9387728	99.9381412	99.937539	99.9369613	99.9364053	99.9358684	99.9353478	99.934841	99.9343452	99.9338577	99.9333764	99.9329002	99.9324283	99.9319603	99.9314958	99.9310343	99.9305755	99.9301189	99.9296641	99.9292107	99.9292101	99.9291933	99.9291933	99.9288185	99.9285288	99.9283046	99.9281306	99.9279973	99.9278954	99.9278168	99.9277558	99.927709	99.9276735	99.9276461	99.927625	99.9276087	99.9275963	99.9275868	99.9275795	99.9275738	99.9275695	99.9275663	99.9275637	99.9275618	99.9275603	99.9275591	99.9275583	99.9275576	99.9275571	99.9275567	99.9275564	99.9275561	99.9275559	99.9275558	99.9275557	99.9275556	99.9275556	99.9275555	99.9275555	99.9275555	99.9275554	99.9275554	99.9275554	99.9275554	99.9275554	99.9275554	99.9275554	99.9275554	99.9275554	99.9275554	99.9275554	99.9275554	99.9275554	99.9275554	99.9275554	99.9275554	99.9275554	99.9275554	99.9275554	99.9275554	99.9275554	99.9275554	99.9275554	99.9275554	99.9275554	99.9275554	99.9275554	99.9275554	99.9275554	99.9275554	99.9275554	99.9275554	99.9275554	99.9275554	99.9275554	99.9275554	99.9275554	99.9275554	99.9275554	99.9275554	99.9275554	99.9275554	99.9275554	99.9275554	99.9275554	99.9275554	99.9275554	99.9275554	99.9275554	99.9275554	99.9275554	99.9275554	99.9275554	99.9275554	99.9275554	99.9275554	99.9275554	99.9275554	99.9275554	99.9275554	99.9275554	99.9275554	99.9275554	99.9275554	99.9275554	99.9275554	99.9275554	99.9275554	99.9275554	99.9275554	99.9275554	99.9275554	99.9275554	99.9275554	99.9275554	99.9275554	99.9275554	99.9275554	99.9275554	99.9275554	99.9275554	99.9275554	99.9275554	99.9275554	99.9275554	99.9275554	99.9275554	99.9275554	99.9275554	99.9275554	99.9275554	99.9275554	99.9275554	99.9275554
TRHL_e0	100.0	99.9976446	99.9949119	99.9917064	99.9880114	99.9837201	99.9786958	99.9728021	99.9659023	99.9578012	99.9483888	99.9374036	99.9245615	99.9095784	99.8921702	99.8721166	99.8488665	99.8221954	99.7918929	99.7577482	99.7196172	99.6777807	99.631326	99.5810097	99.5275882	99.471818	99.4144555	99.3562571	99.2979456	99.2409145	99.185807	99.1331756	99.0835728	99.0373782	98.995034	98.9564788	98.9214592	98.8897213	98.8610117	98.8350766	98.8116915	98.7904745	98.7710906	98.7533271	98.7369713	98.7218104	98.7076319	98.6943	98.6815903	98.6693958	98.6576599	98.6463263	98.6353386	98.6246403	98.614175	98.6038864	98.5937254	98.5836741	98.5737136	98.5638353	98.5540304	98.5442899	98.534605	98.5249671	98.5153672	98.5057967	98.5057857	98.5054309	98.5054309	98.4975198	98.4914039	98.4866724	98.4829993	98.4801862	98.4780349	98.4763758	98.475088	98.4741013	98.4733502	98.4727736	98.4723265	98.4719828	98.4717213	98.4715213	98.4713669	98.4712475	98.4711565	98.4710872	98.4710339	98.4709926	98.4709609	98.4709369	98.4709184	98.4709042	98.4708932	98.4708848	98.4708784	98.4708735	98.4708697	98.4708668	98.4708646	98.4708629	98.4708616	98.4708606	98.4708598	98.4708592	98.4708587	98.4708584	98.4708581	98.4708579	98.4708578	98.4708576	98.4708576	98.4708575	98.4708574	98.4708574	98.4708574	98.4708573	98.4708573	98.4708573	98.4708573	98.4708573	98.4708573	98.4708573	98.4708573	98.4708573	98.4708573	98.4708573	98.4708573	98.4708573	98.4708573	98.4708572	98.4708572	98.4708572	98.4708572	98.4708572	98.4708572	98.4708572	98.4708572	98.4708572	98.4708572	98.4708572	98.4708572	98.4708572	98.4708572	98.4708572	98.4708572	98.4708572	98.4708572	98.4708572	98.4708572	98.4708572	98.4708572	98.4708572	98.4708572	98.4708572	98.4708572	98.4708572	98.4708572	98.4708572	98.4708572	98.4708572	98.4708572	98.4708572	98.4708572	98.4708572	98.4708572	98.4708572	98.4708572	98.4708572	98.4708572	98.4708572	98.4708572	98.4708572	98.4708572	98.4708572	98.4708572	98.4708572	98.4708572	98.4708572	98.4708572	98.4708572	98.4708572	98.4708572	98.4708572	98.4708572	98.4708572	98.4708572	98.4708572	98.4708572	98.4708572	98.4708572	98.4708572	98.4708572	98.4708572	98.4708572	98.4708572	98.4708572	98.4708572	98.4708572
TTP_e0	100.0	99.9994344	99.9987823	99.9980222	99.9971504	99.9961428	99.9949688	99.9935978	99.9919992	99.9901293	99.9879633	99.9854428	99.9825042	99.9790839	99.9751185	99.9705587	99.9652812	99.959236	99.9523762	99.9446549	99.93604	99.9265948	99.9161152	99.904771	99.8927319	99.8801677	99.8672481	99.8541429	99.8410141	99.8281741	99.8157672	99.8039172	99.7927478	99.7823443	99.7728056	99.7641179	99.7562244	99.7490681	99.7425923	99.7367398	99.7314605	99.7266686	99.722289	99.7182741	99.714576	99.7111472	99.70794	99.7049239	99.7020486	99.6992902	99.6966359	99.6940731	99.6915892	99.6891716	99.6868076	99.6844845	99.6821914	99.6799243	99.677679	99.6754535	99.6732458	99.6710539	99.668876	99.6667099	99.6645538	99.6624057	99.6624032	99.6623242	99.6623242	99.6605793	99.6592305	99.6581871	99.6573771	99.6567568	99.6562824	99.6559166	99.6556326	99.6554151	99.6552495	99.6551223	99.6550238	99.654948	99.6548903	99.6548462	99.6548122	99.6547859	99.6547658	99.6547505	99.6547388	99.6547297	99.6547227	99.6547174	99.6547133	99.6547102	99.6547077	99.6547059	99.6547045	99.6547034	99.6547026	99.6547019	99.6547014	99.6547011	99.6547008	99.6547006	99.6547004	99.6547003	99.6547002	99.6547001	99.6547	99.6547	99.6546999	99.6546999	99.6546999	99.6546999	99.6546999	99.6546999	99.6546999	99.6546998	99.6546998	99.6546998	99.6546998	99.6546998	99.6546998	99.6546998	99.6546998	99.6546998	99.6546998	99.6546998	99.6546998	99.6546998	99.6546998	99.6546998	99.6546998	99.6546998	99.6546998	99.6546998	99.6546998	99.6546998	99.6546998	99.6546998	99.6546998	99.6546998	99.6546998	99.6546998	99.6546998	99.6546998	99.6546998	99.6546998	99.6546998	99.6546998	99.6546998	99.6546998	99.6546998	99.6546998	99.6546998	99.6546998	99.6546998	99.6546998	99.6546998	99.6546998	99.6546998	99.6546998	99.6546998	99.6546998	99.6546998	99.6546998	99.6546998	99.6546998	99.6546998	99.6546998	99.6546998	99.6546998	99.6546998	99.6546998	99.6546998	99.6546998	99.6546998	99.6546998	99.6546998	99.6546998	99.6546998	99.6546998	99.6546998	99.6546998	99.6546998	99.6546998	99.6546998	99.6546998	99.6546998	99.6546998	99.6546998	99.6546998	99.6546998	99.6546998	99.6546998	99.6546998	99.6546998	99.6546998	99.6546998	99.6546998
Thiamin_e0	100.0	99.9998884	99.9997589	99.9996071	99.999432	99.9992287	99.9989907	99.9987115	99.9983846	99.9980008	99.9975549	99.9970344	99.996426	99.9957162	99.9948915	99.9939414	99.9928399	99.9915763	99.9901407	99.9885231	99.9867166	99.9847345	99.9825337	99.9801499	99.977619	99.9749769	99.9722593	99.969502	99.9667395	99.9640376	99.9614268	99.9589333	99.9565834	99.9543948	99.9523887	99.9505622	99.9489031	99.9473995	99.9460393	99.9448106	99.9437027	99.9426975	99.9417792	99.9409376	99.9401628	99.9394445	99.9387728	99.9381412	99.937539	99.9369613	99.9364053	99.9358684	99.9353478	99.934841	99.9343452	99.9338577	99.9333764	99.9329002	99.9324283	99.9319603	99.9314958	99.9310343	99.9305755	99.9301189	99.9296641	99.9292107	99.9292101	99.9291933	99.9291933	99.9288185	99.9285288	99.9283046	99.9281306	99.9279973	99.9278954	99.9278168	99.9277558	99.927709	99.9276735	99.9276461	99.927625	99.9276087	99.9275963	99.9275868	99.9275795	99.9275738	99.9275695	99.9275663	99.9275637	99.9275618	99.9275603	99.9275591	99.9275583	99.9275576	99.9275571	99.9275567	99.9275564	99.9275561	99.9275559	99.9275558	99.9275557	99.9275556	99.9275556	99.9275555	99.9275555	99.9275555	99.9275554	99.9275554	99.9275554	99.9275554	99.9275554	99.9275554	99.9275554	99.9275554	99.9275554	99.9275554	99.9275554	99.9275554	99.9275554	99.9275554	99.9275554	99.9275554	99.9275554	99.9275554	99.9275554	99.9275554	99.9275554	99.9275554	99.9275554	99.9275554	99.9275554	99.9275554	99.9275554	99.9275554	99.9275554	99.9275554	99.9275554	99.9275554	99.9275554	99.9275554	99.9275554	99.9275554	99.9275554	99.9275554	99.9275554	99.9275554	99.9275554	99.9275554	99.9275554	99.9275554	99.9275554	99.9275554	99.9275554	99.9275554	99.9275554	99.9275554	99.9275554	99.9275554	99.9275554	99.9275554	99.9275554	99.9275554	99.9275554	99.9275554	99.9275554	99.9275554	99.9275554	99.9275554	99.9275554	99.9275554	99.9275554	99.9275554	99.9275554	99.9275554	99.9275554	99.9275554	99.9275554	99.9275554	99.9275554	99.9275554	99.9275554	99.9275554	99.9275554	99.9275554	99.9275554	99.9275554	99.9275554	99.9275554	99.9275554	99.9275554	99.9275554	99.9275554	99.9275554	99.9275554	99.9275554	99.9275554	99.9275554	99.9275554	99.9275554	99.9275554
Thymidine_e0	100.0	100.0	100.0	100.0	100.0	100.0	100.0	100.0	100.0	100.0	100.0	100.0	100.0	100.0	100.0	100.0	100.0	100.0	100.0	100.0	100.0	100.0	100.0	100.0	100.0	100.0	100.0	100.0	100.0	100.0	100.0	100.0	100.0	100.0	100.0	100.0	100.0	100.0	100.0	100.0	100.0	100.0	100.0	100.0	100.0	100.0	100.0	100.0	100.0	100.0	100.0	100.0	100.0	100.0	100.0	100.0	100.0	100.0	100.0	100.0	100.0	100.0	100.0	100.0	100.0	100.0	100.0	100.0	100.0	100.0	100.0	100.0	100.0	100.0	100.0	100.0	100.0	100.0	100.0	100.0	100.0	100.0	100.0	100.0	100.0	100.0	100.0	100.0	100.0	100.0	100.0	100.0	100.0	100.0	100.0	100.0	100.0	100.0	100.0	100.0	100.0	100.0	100.0	100.0	100.0	100.0	100.0	100.0	100.0	100.0	100.0	100.0	100.0	100.0	100.0	100.0	100.0	100.0	100.0	100.0	100.0	100.0	100.0	100.0	100.0	100.0	100.0	100.0	100.0	100.0	100.0	100.0	100.0	100.0	100.0	100.0	100.0	100.0	100.0	100.0	100.0	100.0	100.0	100.0	100.0	100.0	100.0	100.0	100.0	100.0	100.0	100.0	100.0	100.0	100.0	100.0	100.0	100.0	100.0	100.0	100.0	100.0	100.0	100.0	100.0	100.0	100.0	100.0	100.0	100.0	100.0	100.0	100.0	100.0	100.0	100.0	100.0	100.0	100.0	100.0	100.0	100.0	100.0	100.0	100.0	100.0	100.0	100.0	100.0	100.0	100.0	100.0	100.0	100.0	100.0	100.0	100.0	100.0	100.0	100.0
UMP_e0	100.0	99.9968391	99.9931141	99.9886753	99.9834984	99.9774159	99.9702134	99.9616763	99.9515903	99.9396475	99.9256764	99.9092639	99.8899609	99.867318	99.8408861	99.8103148	99.7747344	99.7337855	99.6871305	99.6344315	99.5754559	99.510642	99.4385373	99.3603293	99.2772052	99.1903525	99.1009584	99.0102105	98.9192443	98.8302548	98.7442565	98.6621214	98.5847213	98.5126554	98.4466238	98.3865322	98.3319825	98.2825766	98.2379163	98.1976034	98.1612854	98.128362	98.0983057	98.070782	98.045456	98.0219931	98.0000585	97.9794385	97.95978	97.9409139	97.9227514	97.9052036	97.8881815	97.8715962	97.8553588	97.8393804	97.8235837	97.8079402	97.7924204	97.7770102	97.7616959	97.7464635	97.7312992	97.716189	97.7011191	97.6860759	97.6860585	97.6855005	97.6855005	97.6730607	97.6634436	97.6560033	97.6502272	97.6458036	97.6424206	97.6398116	97.6377864	97.6362347	97.6350536	97.6341468	97.6334438	97.6329033	97.632492	97.6321775	97.6319347	97.631747	97.6316039	97.6314949	97.6314111	97.631346	97.6312963	97.6312585	97.6312295	97.631207	97.6311897	97.6311766	97.6311666	97.6311588	97.6311528	97.6311483	97.6311448	97.6311421	97.63114	97.6311384	97.6311372	97.6311363	97.6311356	97.6311351	97.6311346	97.6311343	97.6311341	97.6311339	97.6311337	97.6311336	97.6311335	97.6311335	97.6311334	97.6311334	97.6311333	97.6311333	97.6311333	97.6311333	97.6311333	97.6311333	97.6311333	97.6311333	97.6311333	97.6311333	97.6311333	97.6311333	97.6311333	97.6311333	97.6311333	97.6311333	97.6311333	97.6311333	97.6311333	97.6311333	97.6311333	97.6311333	97.6311333	97.6311333	97.6311333	97.6311333	97.6311333	97.6311333	97.6311333	97.6311333	97.6311333	97.6311333	97.6311333	97.6311333	97.6311333	97.6311333	97.6311333	97.6311333	97.6311333	97.6311333	97.6311333	97.6311333	97.6311333	97.6311333	97.6311333	97.6311333	97.6311333	97.6311333	97.6311333	97.6311333	97.6311333	97.6311333	97.6311333	97.6311333	97.6311333	97.6311333	97.6311333	97.6311333	97.6311333	97.6311333	97.6311333	97.6311333	97.6311333	97.6311333	97.6311333	97.6311333	97.6311333	97.6311333	97.6311333	97.6311333	97.6311333	97.6311333	97.6311333	97.6311333	97.6311333	97.6311333	97.6311333	97.6311333	97.6311333	97.6311333	97.6311333	97.6311333
Uracil_e0	100.0	100.0	100.0	100.0	100.0	100.0	100.0	100.0	100.0	100.0	100.0	100.0	100.0	100.0	100.0	100.0	100.0	100.0	100.0	100.0	100.0	100.0	100.0	100.0	100.0	100.0	100.0	100.0	100.0	100.0	100.0	100.0	100.0	100.0	100.0	100.0	100.0	100.0	100.0	100.0	100.0	100.0	100.0	100.0	100.0	100.0	100.0	100.0	100.0	100.0	100.0	100.0	100.0	100.0	100.0	100.0	100.0	100.0	100.0	100.0	100.0	100.0	100.0	100.0	100.0	100.0	100.0	100.0	100.0	100.0	100.0	100.0	100.0	100.0	100.0	100.0	100.0	100.0	100.0	100.0	100.0	100.0	100.0	100.0	100.0	100.0	100.0	100.0	100.0	100.0	100.0	100.0	100.0	100.0	100.0	100.0	100.0	100.0	100.0	100.0	100.0	100.0	100.0	100.0	100.0	100.0	100.0	100.0	100.0	100.0	100.0	100.0	100.0	100.0	100.0	100.0	100.0	100.0	100.0	100.0	100.0	100.0	100.0	100.0	100.0	100.0	100.0	100.0	100.0	100.0	100.0	100.0	100.0	100.0	100.0	100.0	100.0	100.0	100.0	100.0	100.0	100.0	100.0	100.0	100.0	100.0	100.0	100.0	100.0	100.0	100.0	100.0	100.0	100.0	100.0	100.0	100.0	100.0	100.0	100.0	100.0	100.0	100.0	100.0	100.0	100.0	100.0	100.0	100.0	100.0	100.0	100.0	100.0	100.0	100.0	100.0	100.0	100.0	100.0	100.0	100.0	100.0	100.0	100.0	100.0	100.0	100.0	100.0	100.0	100.0	100.0	100.0	100.0	100.0	100.0	100.0	100.0	100.0	100.0	100.0
Uridine_e0	100.0	99.9994373	99.9988423	99.9982135	99.9975491	99.9968475	99.9961073	99.9953271	99.9945054	99.9936414	99.9927326	99.9917788	99.9907801	99.9897365	99.9886482	99.9875171	99.9863419	99.9851271	99.9838775	99.982598	99.9812932	99.9799686	99.9786341	99.9772982	99.9759694	99.9746562	99.9733671	99.9721106	99.9708933	99.9697236	99.9686036	99.967535	99.9665191	99.9655569	99.9646475	99.9637881	99.9629759	99.9622082	99.9614821	99.9607948	99.9601437	99.9595258	99.9589384	99.9583802	99.9578496	99.957345	99.9568652	99.956409	99.9559752	99.9555631	99.9551726	99.9548034	99.9544552	99.9541278	99.9538209	99.9535343	99.9532677	99.9530212	99.9527949	99.9525886	99.9524024	99.9522363	99.9520901	99.9519639	99.9518575	99.951771	99.9517709	99.951768	99.951768	99.9517013	99.95165	99.9516103	99.9515796	99.9515561	99.9515382	99.9515244	99.9515137	99.9515055	99.9514993	99.9514945	99.9514908	99.9514879	99.9514857	99.9514841	99.9514828	99.9514818	99.951481	99.9514805	99.95148	99.9514797	99.9514794	99.9514792	99.9514791	99.9514789	99.9514789	99.9514788	99.9514787	99.9514787	99.9514787	99.9514786	99.9514786	99.9514786	99.9514786	99.9514786	99.9514786	99.9514786	99.9514786	99.9514786	99.9514786	99.9514786	99.9514786	99.9514786	99.9514786	99.9514786	99.9514786	99.9514786	99.9514786	99.9514786	99.9514786	99.9514786	99.9514786	99.9514786	99.9514786	99.9514786	99.9514786	99.9514786	99.9514786	99.9514786	99.9514786	99.9514786	99.9514786	99.9514786	99.9514786	99.9514786	99.9514786	99.9514786	99.9514786	99.9514786	99.9514786	99.9514786	99.9514786	99.9514786	99.9514786	99.9514786	99.9514786	99.9514786	99.9514786	99.9514786	99.9514786	99.9514786	99.9514786	99.9514786	99.9514786	99.9514786	99.9514786	99.9514786	99.9514786	99.9514786	99.9514786	99.9514786	99.9514786	99.9514786	99.9514786	99.9514786	99.9514786	99.9514786	99.9514786	99.9514786	99.9514786	99.9514786	99.9514786	99.9514786	99.9514786	99.9514786	99.9514786	99.9514786	99.9514786	99.9514786	99.9514786	99.9514786	99.9514786	99.9514786	99.9514786	99.9514786	99.9514786	99.9514786	99.9514786	99.9514786	99.9514786	99.9514786	99.9514786	99.9514786	99.9514786	99.9514786	99.9514786	99.9514786	99.9514786	99.9514786	99.9514786	99.9514786
Xylose_e0	100.0	100.0	100.0	100.0	100.0	100.0	100.0	100.0	100.0	100.0	100.0	100.0	100.0	100.0	100.0	100.0	100.0	100.0	100.0	100.0	100.0	100.0	100.0	100.0	100.0	100.0	100.0	100.0	100.0	100.0	100.0	100.0	100.0	100.0	100.0	100.0	100.0	100.0	100.0	100.0	100.0	100.0	100.0	100.0	100.0	100.0	100.0	100.0	100.0	100.0	100.0	100.0	100.0	100.0	100.0	100.0	100.0	100.0	100.0	100.0	100.0	100.0	100.0	100.0	100.0	100.0	100.0	100.0	100.0	100.0	100.0	100.0	100.0	100.0	100.0	100.0	100.0	100.0	100.0	100.0	100.0	100.0	100.0	100.0	100.0	100.0	100.0	100.0	100.0	100.0	100.0	100.0	100.0	100.0	100.0	100.0	100.0	100.0	100.0	100.0	100.0	100.0	100.0	100.0	100.0	100.0	100.0	100.0	100.0	100.0	100.0	100.0	100.0	100.0	100.0	100.0	100.0	100.0	100.0	100.0	100.0	100.0	100.0	100.0	100.0	100.0	100.0	100.0	100.0	100.0	100.0	100.0	100.0	100.0	100.0	100.0	100.0	100.0	100.0	100.0	100.0	100.0	100.0	100.0	100.0	100.0	100.0	100.0	100.0	100.0	100.0	100.0	100.0	100.0	100.0	100.0	100.0	100.0	100.0	100.0	100.0	100.0	100.0	100.0	100.0	100.0	100.0	100.0	100.0	100.0	100.0	100.0	100.0	100.0	100.0	100.0	100.0	100.0	100.0	100.0	100.0	100.0	100.0	100.0	100.0	100.0	100.0	100.0	100.0	100.0	100.0	100.0	100.0	100.0	100.0	100.0	100.0	100.0	100.0	100.0
Zn2+_e0	100.0	99.9998884	99.9997589	99.9996071	99.999432	99.9992287	99.9989907	99.9987115	99.9983846	99.9980008	99.9975549	99.9970344	99.996426	99.9957162	99.9948915	99.9939414	99.9928399	99.9915763	99.9901407	99.9885231	99.9867166	99.9847345	99.9825337	99.9801499	99.977619	99.9749769	99.9722593	99.969502	99.9667395	99.9640376	99.9614268	99.9589333	99.9565834	99.9543948	99.9523887	99.9505622	99.9489031	99.9473995	99.9460393	99.9448106	99.9437027	99.9426975	99.9417792	99.9409376	99.9401628	99.9394445	99.9387728	99.9381412	99.937539	99.9369613	99.9364053	99.9358684	99.9353478	99.934841	99.9343452	99.9338577	99.9333764	99.9329002	99.9324283	99.9319603	99.9314958	99.9310343	99.9305755	99.9301189	99.9296641	99.9292107	99.9292101	99.9291933	99.9291933	99.9288185	99.9285288	99.9283046	99.9281306	99.9279973	99.9278954	99.9278168	99.9277558	99.927709	99.9276735	99.9276461	99.927625	99.9276087	99.9275963	99.9275868	99.9275795	99.9275738	99.9275695	99.9275663	99.9275637	99.9275618	99.9275603	99.9275591	99.9275583	99.9275576	99.9275571	99.9275567	99.9275564	99.9275561	99.9275559	99.9275558	99.9275557	99.9275556	99.9275556	99.9275555	99.9275555	99.9275555	99.9275554	99.9275554	99.9275554	99.9275554	99.9275554	99.9275554	99.9275554	99.9275554	99.9275554	99.9275554	99.9275554	99.9275554	99.9275554	99.9275554	99.9275554	99.9275554	99.9275554	99.9275554	99.9275554	99.9275554	99.9275554	99.9275554	99.9275554	99.9275554	99.9275554	99.9275554	99.9275554	99.9275554	99.9275554	99.9275554	99.9275554	99.9275554	99.9275554	99.9275554	99.9275554	99.9275554	99.9275554	99.9275554	99.9275554	99.9275554	99.9275554	99.9275554	99.9275554	99.9275554	99.9275554	99.9275554	99.9275554	99.9275554	99.9275554	99.9275554	99.9275554	99.9275554	99.9275554	99.9275554	99.9275554	99.9275554	99.9275554	99.9275554	99.9275554	99.9275554	99.9275554	99.9275554	99.9275554	99.9275554	99.9275554	99.9275554	99.9275554	99.9275554	99.9275554	99.9275554	99.9275554	99.9275554	99.9275554	99.9275554	99.9275554	99.9275554	99.9275554	99.9275554	99.9275554	99.9275554	99.9275554	99.9275554	99.9275554	99.9275554	99.9275554	99.9275554	99.9275554	99.9275554	99.9275554	99.9275554	99.9275554	99.9275554	99.9275554	99.9275554
chromate_e0	100.0	100.0	100.0	100.0	100.0	100.0	100.0	100.0	100.0	100.0	100.0	100.0	100.0	100.0	100.0	100.0	100.0	100.0	100.0	100.0	100.0	100.0	100.0	100.0	100.0	100.0	100.0	100.0	100.0	100.0	100.0	100.0	100.0	100.0	100.0	100.0	100.0	100.0	100.0	100.0	100.0	100.0	100.0	100.0	100.0	100.0	100.0	100.0	100.0	100.0	100.0	100.0	100.0	100.0	100.0	100.0	100.0	100.0	100.0	100.0	100.0	100.0	100.0	100.0	100.0	100.0	100.0	100.0	100.0	100.0	100.0	100.0	100.0	100.0	100.0	100.0	100.0	100.0	100.0	100.0	100.0	100.0	100.0	100.0	100.0	100.0	100.0	100.0	100.0	100.0	100.0	100.0	100.0	100.0	100.0	100.0	100.0	100.0	100.0	100.0	100.0	100.0	100.0	100.0	100.0	100.0	100.0	100.0	100.0	100.0	100.0	100.0	100.0	100.0	100.0	100.0	100.0	100.0	100.0	100.0	100.0	100.0	100.0	100.0	100.0	100.0	100.0	100.0	100.0	100.0	100.0	100.0	100.0	100.0	100.0	100.0	100.0	100.0	100.0	100.0	100.0	100.0	100.0	100.0	100.0	100.0	100.0	100.0	100.0	100.0	100.0	100.0	100.0	100.0	100.0	100.0	100.0	100.0	100.0	100.0	100.0	100.0	100.0	100.0	100.0	100.0	100.0	100.0	100.0	100.0	100.0	100.0	100.0	100.0	100.0	100.0	100.0	100.0	100.0	100.0	100.0	100.0	100.0	100.0	100.0	100.0	100.0	100.0	100.0	100.0	100.0	100.0	100.0	100.0	100.0	100.0	100.0	100.0	100.0	100.0
dATP_e0	100.0	99.999426	99.9987649	99.9979954	99.9971136	99.9960955	99.9949105	99.9935278	99.9919169	99.990034	99.9878544	99.9853196	99.982366	99.9789301	99.9749484	99.9703717	99.9650766	99.9590132	99.9521346	99.9443942	99.9357597	99.9262946	99.915795	99.9044308	99.8923719	99.879788	99.8668491	99.853725	99.8405779	99.8277204	99.8152968	99.8034307	99.7922462	99.7818282	99.7722758	99.7635753	99.7556696	99.7485019	99.7420151	99.7361524	99.7308633	99.7260621	99.7216737	99.7176504	99.7139444	99.7105081	99.7072937	99.7042707	99.701389	99.6986243	99.6959642	99.6933959	99.6909068	99.6884842	99.6861156	99.6837883	99.6814912	99.6792204	99.6769717	99.6747431	99.6725326	99.6703382	99.6681581	99.6659901	99.6638324	99.661683	99.6616805	99.6616015	99.6616015	99.6598556	99.658506	99.657462	99.6566515	99.6560309	99.6555563	99.6551902	99.6549061	99.6546884	99.6545227	99.6543955	99.6542969	99.6542211	99.6541634	99.6541193	99.6540852	99.6540589	99.6540388	99.6540235	99.6540117	99.6540026	99.6539957	99.6539903	99.6539863	99.6539831	99.6539807	99.6539789	99.6539775	99.6539764	99.6539755	99.6539749	99.6539744	99.653974	99.6539737	99.6539735	99.6539733	99.6539732	99.6539731	99.653973	99.653973	99.6539729	99.6539729	99.6539729	99.6539728	99.6539728	99.6539728	99.6539728	99.6539728	99.6539728	99.6539728	99.6539728	99.6539728	99.6539728	99.6539728	99.6539728	99.6539728	99.6539728	99.6539728	99.6539728	99.6539728	99.6539728	99.6539728	99.6539728	99.6539728	99.6539728	99.6539728	99.6539728	99.6539728	99.6539728	99.6539728	99.6539728	99.6539728	99.6539728	99.6539728	99.6539728	99.6539728	99.6539728	99.6539728	99.6539728	99.6539728	99.6539728	99.6539728	99.6539728	99.6539728	99.6539728	99.6539728	99.6539728	99.6539728	99.6539728	99.6539728	99.6539728	99.6539728	99.6539728	99.6539728	99.6539728	99.6539728	99.6539728	99.6539728	99.6539728	99.6539728	99.6539728	99.6539728	99.6539728	99.6539728	99.6539728	99.6539728	99.6539728	99.6539728	99.6539728	99.6539728	99.6539728	99.6539728	99.6539728	99.6539728	99.6539728	99.6539728	99.6539728	99.6539728	99.6539728	99.6539728	99.6539728	99.6539728	99.6539728	99.6539728	99.6539728	99.6539728	99.6539728	99.6539728	99.6539728	99.6539728	99.6539728
dGTP_e0	100.0	99.9993863	99.9986719	99.997831	99.9968593	99.995728	99.9944001	99.992839	99.9910077	99.9888536	99.986347	99.9834174	99.9799881	99.9759825	99.9713238	99.9659527	99.9597203	99.9525662	99.9444334	99.9352651	99.9250221	99.9137802	99.9012932	99.8877649	99.8733992	99.8584	99.842971	99.8273162	99.8116302	99.7962887	99.781465	99.767308	99.7539666	99.7415431	99.7301565	99.7197905	99.7103765	99.7018463	99.6941314	99.6871636	99.6808822	99.6751844	99.6699799	99.6652113	99.6608214	99.6567528	99.6529481	99.6493709	99.6459606	99.6426884	99.639539	99.6364973	99.6335479	99.6306759	99.6278658	99.6251026	99.6223729	99.619672	99.6169948	99.614339	99.6117021	99.6090817	99.6064756	99.6038813	99.6012964	99.5987187	99.5987157	99.5986196	99.5986196	99.5964581	99.5947871	99.5934942	99.5924905	99.5917218	99.5911339	99.5906805	99.5903286	99.5900589	99.5898537	99.5896961	99.5895739	99.58948	99.5894085	99.5893539	99.5893117	99.589279	99.5892542	99.5892352	99.5892207	99.5892094	99.5892007	99.5891941	99.5891891	99.5891852	99.5891822	99.5891799	99.5891782	99.5891768	99.5891758	99.589175	99.5891744	99.5891739	99.5891736	99.5891733	99.5891731	99.5891729	99.5891728	99.5891727	99.5891726	99.5891726	99.5891725	99.5891725	99.5891725	99.5891724	99.5891724	99.5891724	99.5891724	99.5891724	99.5891724	99.5891724	99.5891724	99.5891724	99.5891724	99.5891724	99.5891724	99.5891724	99.5891724	99.5891724	99.5891724	99.5891724	99.5891724	99.5891724	99.5891724	99.5891724	99.5891724	99.5891724	99.5891724	99.5891724	99.5891724	99.5891724	99.5891724	99.5891724	99.5891724	99.5891724	99.5891724	99.5891724	99.5891724	99.5891724	99.5891724	99.5891724	99.5891724	99.5891724	99.5891724	99.5891724	99.5891724	99.5891724	99.5891724	99.5891724	99.5891724	99.5891724	99.5891724	99.5891724	99.5891724	99.5891724	99.5891724	99.5891724	99.5891724	99.5891724	99.5891724	99.5891724	99.5891724	99.5891724	99.5891724	99.5891724	99.5891724	99.5891724	99.5891724	99.5891724	99.5891724	99.5891724	99.5891724	99.5891724	99.5891724	99.5891724	99.5891724	99.5891724	99.5891724	99.5891724	99.5891724	99.5891724	99.5891724	99.5891724	99.5891724	99.5891724	99.5891724	99.5891724	99.5891724	99.5891724	99.5891724	99.5891724
ddca_e0	100.0	99.9975789	99.9947602	99.9914422	99.9876074	99.9831419	99.9779003	99.9717368	99.9645061	99.956	99.9461011	99.9345307	99.9209857	99.9051629	99.8867591	99.8655393	99.8409156	99.8126481	99.7805117	99.7442813	99.7038025	99.6593741	99.6100223	99.5565528	99.4997714	99.4404839	99.3794961	99.3176137	99.2556068	99.1949602	99.1363595	99.0803935	99.027651	98.9785365	98.9335213	98.8925402	98.8553231	98.8215996	98.7910997	98.763553	98.7387203	98.7161949	98.6956195	98.6767677	98.6594127	98.6433281	98.628287	98.614145	98.6006629	98.5877266	98.5752759	98.5632506	98.5515907	98.540236	98.5291264	98.5182019	98.50741	98.4967317	98.4861469	98.4756464	98.4652206	98.4548603	98.444556	98.4342983	98.4240779	98.4138854	98.4138737	98.4134942	98.4134942	98.4049874	98.3984107	98.3933226	98.3893724	98.3863471	98.3840335	98.3822492	98.3808642	98.379803	98.3789952	98.378375	98.3778943	98.3775245	98.3772433	98.3770282	98.3768621	98.3767338	98.3766359	98.3765614	98.376504	98.3764595	98.3764255	98.3763997	98.3763798	98.3763645	98.3763526	98.3763437	98.3763368	98.3763315	98.3763274	98.3763243	98.3763219	98.3763201	98.3763187	98.3763176	98.3763167	98.3763161	98.3763156	98.3763153	98.376315	98.3763147	98.3763146	98.3763144	98.3763143	98.3763143	98.3763142	98.3763142	98.3763141	98.3763141	98.3763141	98.3763141	98.376314	98.376314	98.376314	98.376314	98.376314	98.376314	98.376314	98.376314	98.376314	98.376314	98.376314	98.376314	98.376314	98.376314	98.376314	98.376314	98.376314	98.376314	98.376314	98.376314	98.376314	98.376314	98.376314	98.376314	98.376314	98.376314	98.376314	98.376314	98.376314	98.376314	98.376314	98.376314	98.376314	98.376314	98.376314	98.376314	98.376314	98.376314	98.376314	98.376314	98.376314	98.376314	98.376314	98.376314	98.376314	98.376314	98.376314	98.376314	98.376314	98.376314	98.376314	98.376314	98.376314	98.376314	98.376314	98.376314	98.376314	98.376314	98.376314	98.376314	98.376314	98.376314	98.376314	98.376314	98.376314	98.376314	98.376314	98.376314	98.376314	98.376314	98.376314	98.376314	98.376314	98.376314	98.376314	98.376314	98.376314	98.376314	98.376314	98.376314
fe3_e0	100.0	99.9996652	99.9992768	99.9988212	99.9982961	99.9976862	99.9969721	99.9961344	99.9951538	99.9940024	99.9926646	99.9911033	99.9892781	99.9871486	99.9846744	99.9818242	99.9785197	99.974729	99.9704222	99.9655693	99.9601498	99.9542036	99.9476011	99.9404498	99.9328571	99.9249306	99.9167778	99.9085061	99.9002185	99.8921127	99.8842804	99.8768	99.8697501	99.8631845	99.8571662	99.8516865	99.8467092	99.8421984	99.8381179	99.8344318	99.8311081	99.8280926	99.8253376	99.8228129	99.8204883	99.8183335	99.8163184	99.8144235	99.8126171	99.810884	99.809216	99.8076051	99.8060435	99.8045229	99.8030355	99.8015732	99.8001291	99.7987005	99.7972848	99.7958809	99.7944873	99.7931029	99.7917264	99.7903566	99.7889922	99.787632	99.7876304	99.78758	99.78758	99.7864556	99.7855863	99.7849139	99.7843918	99.783992	99.7836862	99.7834504	99.7832674	99.7831271	99.7830204	99.7829384	99.7828749	99.782826	99.7827889	99.7827605	99.7827385	99.7827215	99.7827086	99.7826988	99.7826912	99.7826853	99.7826808	99.7826774	99.7826748	99.7826727	99.7826712	99.78267	99.7826691	99.7826684	99.7826678	99.7826674	99.7826671	99.7826669	99.7826667	99.7826665	99.7826664	99.7826664	99.7826663	99.7826662	99.7826662	99.7826662	99.7826661	99.7826661	99.7826661	99.7826661	99.7826661	99.7826661	99.7826661	99.7826661	99.7826661	99.7826661	99.7826661	99.7826661	99.7826661	99.7826661	99.7826661	99.7826661	99.7826661	99.7826661	99.7826661	99.7826661	99.7826661	99.7826661	99.7826661	99.7826661	99.7826661	99.7826661	99.7826661	99.7826661	99.7826661	99.7826661	99.7826661	99.7826661	99.7826661	99.7826661	99.7826661	99.7826661	99.7826661	99.7826661	99.7826661	99.7826661	99.7826661	99.7826661	99.7826661	99.7826661	99.7826661	99.7826661	99.7826661	99.7826661	99.7826661	99.7826661	99.7826661	99.7826661	99.7826661	99.7826661	99.7826661	99.7826661	99.7826661	99.7826661	99.7826661	99.7826661	99.7826661	99.7826661	99.7826661	99.7826661	99.7826661	99.7826661	99.7826661	99.7826661	99.7826661	99.7826661	99.7826661	99.7826661	99.7826661	99.7826661	99.7826661	99.7826661	99.7826661	99.7826661	99.7826661	99.7826661	99.7826661	99.7826661	99.7826661	99.7826661	99.7826661	99.7826661	99.7826661	99.7826661	99.7826661	99.7826661
hexadecenoate_e0	100.0	99.9993222	99.9986055	99.9978481	99.9970478	99.9962027	99.9953111	99.9943712	99.9933814	99.9923407	99.991246	99.9900971	99.9888941	99.987637	99.9863261	99.9849637	99.9835481	99.9820848	99.9805796	99.9790383	99.9774666	99.975871	99.9742635	99.9726543	99.9710538	99.969472	99.9679192	99.9664056	99.9649393	99.9635303	99.9621813	99.960894	99.9596703	99.9585113	99.9574158	99.9563806	99.9554023	99.9544776	99.9536029	99.952775	99.9519908	99.9512464	99.950539	99.9498665	99.9492273	99.9486196	99.9480416	99.9474921	99.9469695	99.9464732	99.9460028	99.9455581	99.9451386	99.9447443	99.9443746	99.9440294	99.9437083	99.9434113	99.9431386	99.9428902	99.942666	99.9424658	99.9422897	99.9421377	99.9420096	99.9419054	99.9419053	99.9419018	99.9419018	99.9418214	99.9417595	99.9417118	99.9416748	99.9416465	99.941625	99.9416083	99.9415954	99.9415855	99.941578	99.9415722	99.9415678	99.9415643	99.9415617	99.9415597	99.9415582	99.941557	99.9415561	99.9415554	99.9415549	99.9415544	99.9415541	99.9415539	99.9415537	99.9415536	99.9415534	99.9415534	99.9415533	99.9415532	99.9415532	99.9415532	99.9415532	99.9415531	99.9415531	99.9415531	99.9415531	99.9415531	99.9415531	99.9415531	99.9415531	99.9415531	99.9415531	99.9415531	99.9415531	99.9415531	99.9415531	99.9415531	99.9415531	99.9415531	99.9415531	99.9415531	99.9415531	99.9415531	99.9415531	99.9415531	99.9415531	99.9415531	99.9415531	99.9415531	99.9415531	99.9415531	99.9415531	99.9415531	99.9415531	99.9415531	99.9415531	99.9415531	99.9415531	99.9415531	99.9415531	99.9415531	99.9415531	99.9415531	99.9415531	99.9415531	99.9415531	99.9415531	99.9415531	99.9415531	99.9415531	99.9415531	99.9415531	99.9415531	99.9415531	99.9415531	99.9415531	99.9415531	99.9415531	99.9415531	99.9415531	99.9415531	99.9415531	99.9415531	99.9415531	99.9415531	99.9415531	99.9415531	99.9415531	99.9415531	99.9415531	99.9415531	99.9415531	99.9415531	99.9415531	99.9415531	99.9415531	99.9415531	99.9415531	99.9415531	99.9415531	99.9415531	99.9415531	99.9415531	99.9415531	99.9415531	99.9415531	99.9415531	99.9415531	99.9415531	99.9415531	99.9415531	99.9415531	99.9415531	99.9415531	99.9415531	99.9415531	99.9415531	99.9415531	99.9415531	99.9415531	99.9415531
meso-2,6-Diaminopimelate_e0	100.0	99.9990054	99.9978516	99.996498	99.9949378	99.9931258	99.9910043	99.9885157	99.9856022	99.9821816	99.9782072	99.9735687	99.9681461	99.9618195	99.9544688	99.9460012	99.9361838	99.924922	99.9121267	99.8977091	99.8816083	99.8639428	99.8443273	99.8230812	99.800524	99.776975	99.7527536	99.7281794	99.7035573	99.6794759	99.6562067	99.6339831	99.6130383	99.5935326	99.5756527	99.5593728	99.5445858	99.5311845	99.5190618	99.5081107	99.4982363	99.4892775	99.4810926	99.4735919	99.4666857	99.460284	99.4542971	99.4486677	99.4433011	99.4381519	99.4331964	99.4284108	99.4237712	99.4192539	99.4148349	99.4104906	99.4062001	99.4019559	99.3977501	99.393579	99.3894388	99.3853259	99.3812365	99.3771669	99.3731133	99.3690722	99.3690675	99.3689177	99.3689177	99.3655772	99.3629948	99.3609969	99.3594459	99.3582581	99.3573497	99.3566492	99.3561054	99.3556887	99.3553716	99.3551281	99.3549394	99.3547942	99.3546838	99.3545993	99.3545341	99.3544837	99.3544453	99.3544161	99.3543935	99.3543761	99.3543627	99.3543526	99.3543448	99.3543388	99.3543341	99.3543306	99.3543279	99.3543258	99.3543242	99.354323	99.354322	99.3543213	99.3543208	99.3543203	99.35432	99.3543198	99.3543196	99.3543194	99.3543193	99.3543192	99.3543192	99.3543191	99.3543191	99.354319	99.354319	99.354319	99.354319	99.354319	99.354319	99.354319	99.354319	99.354319	99.354319	99.354319	99.354319	99.354319	99.354319	99.354319	99.354319	99.354319	99.354319	99.354319	99.354319	99.354319	99.354319	99.3543189	99.3543189	99.3543189	99.3543189	99.3543189	99.3543189	99.3543189	99.3543189	99.3543189	99.3543189	99.3543189	99.3543189	99.3543189	99.3543189	99.3543189	99.3543189	99.3543189	99.3543189	99.3543189	99.3543189	99.3543189	99.3543189	99.3543189	99.3543189	99.3543189	99.3543189	99.3543189	99.3543189	99.3543189	99.3543189	99.3543189	99.3543189	99.3543189	99.3543189	99.3543189	99.3543189	99.3543189	99.3543189	99.3543189	99.3543189	99.3543189	99.3543189	99.3543189	99.3543189	99.3543189	99.3543189	99.3543189	99.3543189	99.3543189	99.3543189	99.3543189	99.3543189	99.3543189	99.3543189	99.3543189	99.3543189	99.3543189	99.3543189	99.3543189	99.3543189	99.3543189	99.3543189	99.3543189	99.3543189	99.3543189
