	Source	Target	Microbe	Weight	ABS_Weight	Sign_Weight	ABSRootWeight	SignedRootWeight
22	Glycine-e0	Glycine-e0	Enterocloster_clostridioformis_YL32	-1.000000000000001	1.000000000000001	-1.0	1.0000000000000004	-1.0000000000000004
45	N-acetyl-D-gluosamine	Phosphate-e0	Enterocloster_clostridioformis_YL32	-18.22726688760396	18.22726688760396	-1.0	4.2693403340099225	-4.2693403340099225
48	L-Glutamate-e0	L-Glutamate-e0	Enterocloster_clostridioformis_YL32	-0.9999999999999982	0.9999999999999982	-1.0	0.9999999999999991	-0.9999999999999991
49	D-Glucose-e0	D-Glucose-e0	Enterocloster_clostridioformis_YL32	-1.0	1.0	-1.0	1.0	-1.0
72	N-acetyl-D-gluosamine	Mn2+-e0	Enterocloster_clostridioformis_YL32	-0.13215376797645342	0.13215376797645342	-1.0	0.36352959711205557	-0.36352959711205557
94	N-acetyl-D-gluosamine	Zn2+-e0	Enterocloster_clostridioformis_YL32	-0.1321537679764518	0.1321537679764518	-1.0	0.36352959711205335	-0.36352959711205335
116	N-acetyl-D-gluosamine	L-Lysine-e0	Enterocloster_clostridioformis_YL32	-5.901728503807365	5.901728503807365	-1.0	2.4293473411201134	-2.4293473411201134
117	L-Aspartate-e0	L-Aspartate-e0	Enterocloster_clostridioformis_YL32	-1.0000000000000022	1.0000000000000022	-1.0	1.000000000000001	-1.000000000000001
139	N-acetyl-D-gluosamine	Sulfate-e0	Enterocloster_clostridioformis_YL32	-0.13215376797639783	0.13215376797639783	-1.0	0.3635295971119791	-0.3635295971119791
141	Putrescine-e0	L-Arginine-e0	Enterocloster_clostridioformis_YL32	0.9999999999999976	0.9999999999999976	1.0	0.9999999999999988	0.9999999999999988
144	Spermidine-e0	L-Arginine-e0	Enterocloster_clostridioformis_YL32	0.9999999999999957	0.9999999999999957	1.0	0.9999999999999978	0.9999999999999978
164	N-acetyl-D-gluosamine	L-Arginine-e0	Enterocloster_clostridioformis_YL32	-5.230079067534821	5.230079067534821	-1.0	2.2869366120500194	-2.2869366120500194
165	L-Glutamine-e0	L-Glutamine-e0	Enterocloster_clostridioformis_YL32	-1.0000000000000007	1.0000000000000007	-1.0	1.0000000000000002	-1.0000000000000002
208	N-acetyl-D-gluosamine	L-Leucine-e0	Enterocloster_clostridioformis_YL32	-9.256291222579824	9.256291222579824	-1.0	3.0424153599697434	-3.0424153599697434
209	Galactose-e0	Galactose-e0	Enterocloster_clostridioformis_YL32	-0.9999999999999996	0.9999999999999996	-1.0	0.9999999999999998	-0.9999999999999998
210	Putrescine-e0	Putrescine-e0	Enterocloster_clostridioformis_YL32	-0.9999999999999988	0.9999999999999988	-1.0	0.9999999999999993	-0.9999999999999993
232	N-acetyl-D-gluosamine	L-Histidine-e0	Enterocloster_clostridioformis_YL32	-1.6293115501306192	1.6293115501306192	-1.0	1.276444887228046	-1.276444887228046
254	N-acetyl-D-gluosamine	L-Proline-e0	Enterocloster_clostridioformis_YL32	-3.801726950304833	3.801726950304833	-1.0	1.949801772053978	-1.949801772053978
276	N-acetyl-D-gluosamine	Co2+-e0	Enterocloster_clostridioformis_YL32	-0.1321537679764592	0.1321537679764592	-1.0	0.3635295971120635	-0.3635295971120635
299	N-acetyl-D-gluosamine	L-Valine-e0	Enterocloster_clostridioformis_YL32	-7.277591590585192	7.277591590585192	-1.0	2.6977011677695497	-2.6977011677695497
300	L-Threonine-e0	L-Threonine-e0	Enterocloster_clostridioformis_YL32	-0.9999999999999993	0.9999999999999993	-1.0	0.9999999999999997	-0.9999999999999997
323	Spermidine-e0	Spermidine-e0	Enterocloster_clostridioformis_YL32	-0.999999999999999	0.999999999999999	-1.0	0.9999999999999994	-0.9999999999999994
324	Thiamin-e0	Thiamin-e0	Enterocloster_clostridioformis_YL32	-0.9999999999999994	0.9999999999999994	-1.0	0.9999999999999997	-0.9999999999999997
346	N-acetyl-D-gluosamine	L-Isoleucine-e0	Enterocloster_clostridioformis_YL32	-6.50456504902725	6.50456504902725	-1.0	2.550404879431352	-2.550404879431352
368	N-acetyl-D-gluosamine	fe3-e0	Enterocloster_clostridioformis_YL32	-0.132153767976483	0.132153767976483	-1.0	0.36352959711209626	-0.36352959711209626
370	Glycine-e0	H+-e0	Enterocloster_clostridioformis_YL32	-0.49999999999994776	0.49999999999994776	-1.0	0.7071067811865106	-0.7071067811865106
371	D-Glucose-e0	H+-e0	Enterocloster_clostridioformis_YL32	3.000000000000577	3.000000000000577	1.0	1.7320508075690437	1.7320508075690437
373	L-Aspartate-e0	H+-e0	Enterocloster_clostridioformis_YL32	-0.9999999999999263	0.9999999999999263	-1.0	0.9999999999999631	-0.9999999999999631
374	L-Glutamine-e0	H+-e0	Enterocloster_clostridioformis_YL32	-0.500000000000376	0.500000000000376	-1.0	0.7071067811868135	-0.7071067811868135
375	Galactose-e0	H+-e0	Enterocloster_clostridioformis_YL32	3.0000000000008673	3.0000000000008673	1.0	1.7320508075691277	1.7320508075691277
376	L-Threonine-e0	H+-e0	Enterocloster_clostridioformis_YL32	0.5000000000000866	0.5000000000000866	1.0	0.7071067811866087	0.7071067811866087
379	Spermidine-e0	H+-e0	Enterocloster_clostridioformis_YL32	0.9999999999993769	0.9999999999993769	1.0	0.9999999999996885	0.9999999999996885
380	Thiamin-e0	H+-e0	Enterocloster_clostridioformis_YL32	-5.000000000001299	5.000000000001299	-1.0	2.2360679775000802	-2.2360679775000802
385	L-Asparagine-e0	H+-e0	Enterocloster_clostridioformis_YL32	-1.5000000000001457	1.5000000000001457	-1.0	1.2247448713916484	-1.2247448713916484
393	D-Mannose-e0	H+-e0	Enterocloster_clostridioformis_YL32	3.0000000000005227	3.0000000000005227	1.0	1.7320508075690282	1.7320508075690282
422	N-acetyl-D-gluosamine	H+-e0	Enterocloster_clostridioformis_YL32	5.075965520672576	5.075965520672576	1.0	2.2529903507721856	2.2529903507721856
431	Thiamin-e0	XAN-e0	Enterocloster_clostridioformis_YL32	-1.9999999999984386	1.9999999999984386	-1.0	1.414213562372543	-1.414213562372543
452	N-acetyl-D-gluosamine	XAN-e0	Enterocloster_clostridioformis_YL32	9.706147348547775	9.706147348547775	1.0	3.115469041500457	3.115469041500457
478	Glycine-e0	L-Alanine-e0	Enterocloster_clostridioformis_YL32	0.5000000000004771	0.5000000000004771	1.0	0.7071067811868849	0.7071067811868849
479	L-Glutamate-e0	L-Alanine-e0	Enterocloster_clostridioformis_YL32	1.0000000000015015	1.0000000000015015	1.0	1.0000000000007507	1.0000000000007507
481	L-Aspartate-e0	L-Alanine-e0	Enterocloster_clostridioformis_YL32	0.9999999999995952	0.9999999999995952	1.0	0.9999999999997976	0.9999999999997976
482	L-Glutamine-e0	L-Alanine-e0	Enterocloster_clostridioformis_YL32	2.000000000001646	2.000000000001646	1.0	1.414213562373677	1.414213562373677
483	Putrescine-e0	L-Alanine-e0	Enterocloster_clostridioformis_YL32	2.5000000000009828	2.5000000000009828	1.0	1.5811388300845004	1.5811388300845004
484	L-Threonine-e0	L-Alanine-e0	Enterocloster_clostridioformis_YL32	1.0000000000002016	1.0000000000002016	1.0	1.0000000000001008	1.0000000000001008
487	Spermidine-e0	L-Alanine-e0	Enterocloster_clostridioformis_YL32	4.500000000002411	4.500000000002411	1.0	2.121320343560211	2.121320343560211
488	Thiamin-e0	L-Alanine-e0	Enterocloster_clostridioformis_YL32	5.499999999966993	5.499999999966993	1.0	2.3452078799046774	2.3452078799046774
492	L-Asparagine-e0	L-Alanine-e0	Enterocloster_clostridioformis_YL32	2.0000000000012936	2.0000000000012936	1.0	1.4142135623735523	1.4142135623735523
509	L-Serine-e0	L-Alanine-e0	Enterocloster_clostridioformis_YL32	0.499999999998725	0.499999999998725	1.0	0.707106781185646	0.707106781185646
517	O2-e0	L-Alanine-e0	Enterocloster_clostridioformis_YL32	-0.9999999999976836	0.9999999999976836	-1.0	0.9999999999988418	-0.9999999999988418
527	Puryvate	L-Alanine-e0	Enterocloster_clostridioformis_YL32	0.4999999999984111	0.4999999999984111	1.0	0.707106781185424	0.707106781185424
528	N-acetyl-D-gluosamine	L-Alanine-e0	Enterocloster_clostridioformis_YL32	-233.0517895348981	233.0517895348981	-1.0	15.2660338508369	-15.2660338508369
554	N-acetyl-D-gluosamine	L-Methionine-e0	Enterocloster_clostridioformis_YL32	-2.714608572940386	2.714608572940386	-1.0	1.647606923067631	-1.647606923067631
558	Thiamin-e0	L-Cysteine-e0	Enterocloster_clostridioformis_YL32	0.9999999999995425	0.9999999999995425	1.0	0.9999999999997712	0.9999999999997712
577	N-acetyl-D-gluosamine	L-Cysteine-e0	Enterocloster_clostridioformis_YL32	-1.8610138427106273	1.8610138427106273	-1.0	1.3641898118336127	-1.3641898118336127
582	Thiamin-e0	L-Tyrosine-e0	Enterocloster_clostridioformis_YL32	0.9999999999995197	0.9999999999995197	1.0	0.9999999999997599	0.9999999999997599
601	N-acetyl-D-gluosamine	L-Tyrosine-e0	Enterocloster_clostridioformis_YL32	-2.4430566479150135	2.4430566479150135	-1.0	1.563028038109046	-1.563028038109046
606	Thiamin-e0	Inosine-e0	Enterocloster_clostridioformis_YL32	1.9999999999973013	1.9999999999973013	1.0	1.4142135623721408	1.4142135623721408
630	N-acetyl-D-gluosamine	Inosine-e0	Enterocloster_clostridioformis_YL32	-18.084143048236367	18.084143048236367	-1.0	4.252545478679372	-4.252545478679372
636	Glycine-e0	NH3-e0	Enterocloster_clostridioformis_YL32	0.499999999999629	0.499999999999629	1.0	0.7071067811862852	0.7071067811862852
638	Putrescine-e0	NH3-e0	Enterocloster_clostridioformis_YL32	-1.5000000000006752	1.5000000000006752	-1.0	1.2247448713918647	-1.2247448713918647
641	Spermidine-e0	NH3-e0	Enterocloster_clostridioformis_YL32	-2.5000000000017035	2.5000000000017035	-1.0	1.5811388300847284	-1.5811388300847284
642	Thiamin-e0	NH3-e0	Enterocloster_clostridioformis_YL32	-3.49999999997526	3.49999999997526	-1.0	1.8708286933803586	-1.8708286933803586
661	L-Serine-e0	NH3-e0	Enterocloster_clostridioformis_YL32	0.5000000000009517	0.5000000000009517	1.0	0.7071067811872205	0.7071067811872205
669	O2-e0	NH3-e0	Enterocloster_clostridioformis_YL32	0.9999999999983165	0.9999999999983165	1.0	0.9999999999991582	0.9999999999991582
679	Puryvate	NH3-e0	Enterocloster_clostridioformis_YL32	-0.4999999999988213	0.4999999999988213	-1.0	0.707106781185714	-0.707106781185714
680	N-acetyl-D-gluosamine	NH3-e0	Enterocloster_clostridioformis_YL32	173.3675262366439	173.3675262366439	1.0	13.16691027677503	13.16691027677503
706	L-Glutamate-e0	Acetate-e0	Enterocloster_clostridioformis_YL32	-1.000000000001391	1.000000000001391	-1.0	1.0000000000006954	-1.0000000000006954
707	D-Glucose-e0	Acetate-e0	Enterocloster_clostridioformis_YL32	3.0000000000047287	3.0000000000047287	1.0	1.7320508075702423	1.7320508075702423
709	L-Glutamine-e0	Acetate-e0	Enterocloster_clostridioformis_YL32	-2.5000000000017275	2.5000000000017275	-1.0	1.581138830084736	-1.581138830084736
710	Galactose-e0	Acetate-e0	Enterocloster_clostridioformis_YL32	2.99999999999847	2.99999999999847	1.0	1.7320508075684355	1.7320508075684355
711	Putrescine-e0	Acetate-e0	Enterocloster_clostridioformis_YL32	-2.5000000000012106	2.5000000000012106	-1.0	1.5811388300845726	-1.5811388300845726
712	L-Threonine-e0	Acetate-e0	Enterocloster_clostridioformis_YL32	0.4999999999998842	0.4999999999998842	1.0	0.7071067811864656	0.7071067811864656
715	Spermidine-e0	Acetate-e0	Enterocloster_clostridioformis_YL32	-3.500000000002568	3.500000000002568	-1.0	1.870828693387657	-1.870828693387657
716	Thiamin-e0	Acetate-e0	Enterocloster_clostridioformis_YL32	-9.499999999969777	9.499999999969777	-1.0	3.0822070014795853	-3.0822070014795853
722	L-Asparagine-e0	Acetate-e0	Enterocloster_clostridioformis_YL32	-1.5000000000012301	1.5000000000012301	-1.0	1.2247448713920912	-1.2247448713920912
730	D-Mannose-e0	Acetate-e0	Enterocloster_clostridioformis_YL32	3.000000000003814	3.000000000003814	1.0	1.7320508075699783	1.7320508075699783
743	L-Serine-e0	Acetate-e0	Enterocloster_clostridioformis_YL32	0.5000000000012369	0.5000000000012369	1.0	0.7071067811874221	0.7071067811874221
751	O2-e0	Acetate-e0	Enterocloster_clostridioformis_YL32	0.9999999999978125	0.9999999999978125	1.0	0.9999999999989062	0.9999999999989062
761	Puryvate	Acetate-e0	Enterocloster_clostridioformis_YL32	0.5000000000014959	0.5000000000014959	1.0	0.7071067811876053	0.7071067811876053
762	N-acetyl-D-gluosamine	Acetate-e0	Enterocloster_clostridioformis_YL32	212.01424420993146	212.01424420993146	1.0	14.560708918522185	14.560708918522185
787	L-Asparagine-e0	L-Asparagine-e0	Enterocloster_clostridioformis_YL32	-0.9999999999999986	0.9999999999999986	-1.0	0.9999999999999992	-0.9999999999999992
809	N-acetyl-D-gluosamine	Ca2+-e0	Enterocloster_clostridioformis_YL32	-0.13215376797644043	0.13215376797644043	-1.0	0.3635295971120377	-0.3635295971120377
831	Putrescine-e0	Cytosine-e0	Enterocloster_clostridioformis_YL32	-0.9999999999999829	0.9999999999999829	-1.0	0.9999999999999915	-0.9999999999999915
834	Spermidine-e0	Cytosine-e0	Enterocloster_clostridioformis_YL32	-0.999999999999961	0.999999999999961	-1.0	0.9999999999999805	-0.9999999999999805
854	N-acetyl-D-gluosamine	Cytosine-e0	Enterocloster_clostridioformis_YL32	-5.526083960631356	5.526083960631356	-1.0	2.3507624211373117	-2.3507624211373117
876	N-acetyl-D-gluosamine	Cu2+-e0	Enterocloster_clostridioformis_YL32	-0.13215376797654077	0.13215376797654077	-1.0	0.3635295971121757	-0.3635295971121757
899	N-acetyl-D-gluosamine	Fe2+-e0	Enterocloster_clostridioformis_YL32	-0.2751601067702833	0.2751601067702833	-1.0	0.5245570576879919	-0.5245570576879919
948	N-acetyl-D-gluosamine	K+-e0	Enterocloster_clostridioformis_YL32	-0.1321537679773899	0.1321537679773899	-1.0	0.3635295971133436	-0.3635295971133436
969	D-Mannose-e0	D-Mannose-e0	Enterocloster_clostridioformis_YL32	-1.0000000000000016	1.0000000000000016	-1.0	1.0000000000000007	-1.0000000000000007
996	L-Glutamate-e0	Succinate-e0	Enterocloster_clostridioformis_YL32	1.0000000000000406	1.0000000000000406	1.0	1.0000000000000202	1.0000000000000202
998	L-Glutamine-e0	Succinate-e0	Enterocloster_clostridioformis_YL32	1.0000000000000226	1.0000000000000226	1.0	1.0000000000000113	1.0000000000000113
1022	N-acetyl-D-gluosamine	Succinate-e0	Enterocloster_clostridioformis_YL32	-6.857596717943327	6.857596717943327	-1.0	2.618701341876031	-2.618701341876031
1086	N-acetyl-D-gluosamine	Cl--e0	Enterocloster_clostridioformis_YL32	-0.13215376797656475	0.13215376797656475	-1.0	0.36352959711220867	-0.36352959711220867
1112	N-acetyl-D-gluosamine	Mg-e0	Enterocloster_clostridioformis_YL32	-0.13215376797643252	0.13215376797643252	-1.0	0.3635295971120268	-0.3635295971120268
1115	L-Serine-e0	L-Serine-e0	Enterocloster_clostridioformis_YL32	-1.0	1.0	-1.0	1.0	-1.0
1168	Glycine-e0	CO2-e0	Enterocloster_clostridioformis_YL32	0.4999999999999411	0.4999999999999411	1.0	0.7071067811865058	0.7071067811865058
1170	L-Aspartate-e0	CO2-e0	Enterocloster_clostridioformis_YL32	1.0000000000000178	1.0000000000000178	1.0	1.0000000000000089	1.0000000000000089
1171	Putrescine-e0	CO2-e0	Enterocloster_clostridioformis_YL32	-0.4999999999999997	0.4999999999999997	-1.0	0.7071067811865474	-0.7071067811865474
1174	Spermidine-e0	CO2-e0	Enterocloster_clostridioformis_YL32	-1.50000000000011	1.50000000000011	-1.0	1.224744871391634	-1.224744871391634
1175	Thiamin-e0	CO2-e0	Enterocloster_clostridioformis_YL32	-0.4999999999960529	0.4999999999960529	-1.0	0.7071067811837565	-0.7071067811837565
1181	L-Asparagine-e0	CO2-e0	Enterocloster_clostridioformis_YL32	0.9999999999998592	0.9999999999998592	1.0	0.9999999999999296	0.9999999999999296
1197	L-Serine-e0	CO2-e0	Enterocloster_clostridioformis_YL32	0.5000000000001535	0.5000000000001535	1.0	0.707106781186656	0.707106781186656
1206	O2-e0	CO2-e0	Enterocloster_clostridioformis_YL32	0.999999999999702	0.999999999999702	1.0	0.999999999999851	0.999999999999851
1216	Puryvate	CO2-e0	Enterocloster_clostridioformis_YL32	0.5000000000001816	0.5000000000001816	1.0	0.7071067811866759	0.7071067811866759
1217	N-acetyl-D-gluosamine	CO2-e0	Enterocloster_clostridioformis_YL32	23.95939158823873	23.95939158823873	1.0	4.894833152237033	4.894833152237033
1221	O2-e0	O2-e0	Enterocloster_clostridioformis_YL32	-1.0000000000000007	1.0000000000000007	-1.0	1.0000000000000002	-1.0000000000000002
1292	N-acetyl-D-gluosamine	L-Phenylalanine	Enterocloster_clostridioformis_YL32	-3.1862092535885647	3.1862092535885647	-1.0	1.7849955892350449	-1.7849955892350449
1314	N-acetyl-D-gluosamine	L-Tryptophan	Enterocloster_clostridioformis_YL32	-0.977586930078156	0.977586930078156	-1.0	0.9887299581170563	-0.9887299581170563
1336	N-acetyl-D-gluosamine	PAN	Enterocloster_clostridioformis_YL32	-0.14300633879523275	0.14300633879523275	-1.0	0.37816178917922516	-0.37816178917922516
1338	Puryvate	Puryvate	Enterocloster_clostridioformis_YL32	-1.0	1.0	-1.0	1.0	-1.0
1339	N-acetyl-D-gluosamine	N-acetyl-D-gluosamine	Enterocloster_clostridioformis_YL32	-1.0000000000000093	1.0000000000000093	-1.0	1.0000000000000047	-1.0000000000000047
1349	PAN	Phosphate-e0	Blautia_coccoides_YL58	-129.86418562585462	129.86418562585462	-1.0	11.39579684032032	-11.39579684032032
1355	Thiamin-e0	L-Glutamate-e0	Blautia_coccoides_YL58	-1.9999999999993427	1.9999999999993427	-1.0	1.4142135623728627	-1.4142135623728627
1362	PAN	L-Glutamate-e0	Blautia_coccoides_YL58	-16.352516679214045	16.352516679214045	-1.0	4.043824511426534	-4.043824511426534
1363	N-acetylneuraminate (as sialic residue)	L-Glutamate-e0	Blautia_coccoides_YL58	-1.000000000000066	1.000000000000066	-1.0	1.0000000000000329	-1.0000000000000329
1371	Spermidine-e0	D-Glucose-e0	Blautia_coccoides_YL58	0.12230215825416861	0.12230215825416861	1.0	0.34971725472754217	0.34971725472754217
1372	Thiamin-e0	D-Glucose-e0	Blautia_coccoides_YL58	1.1366906475296659	1.1366906475296659	1.0	1.066156952577652	1.066156952577652
1383	L-Lactate-e0	D-Glucose-e0	Blautia_coccoides_YL58	0.3741007194148748	0.3741007194148748	1.0	0.611637735440575	0.611637735440575
1399	Folate-e0	D-Glucose-e0	Blautia_coccoides_YL58	1.7697841726775898	1.7697841726775898	1.0	1.3303323542173924	1.3303323542173924
1411	Riboflavin	D-Glucose-e0	Blautia_coccoides_YL58	-0.28057553945562513	0.28057553945562513	-1.0	0.5296938167051085	-0.5296938167051085
1412	PAN	D-Glucose-e0	Blautia_coccoides_YL58	-791.9733487188611	791.9733487188611	-1.0	28.142021048937853	-28.142021048937853
1413	Puryvate	D-Glucose-e0	Blautia_coccoides_YL58	0.23741007196444744	0.23741007196444744	1.0	0.4872474442872404	0.4872474442872404
1414	N-acetylneuraminate (as sialic residue)	D-Glucose-e0	Blautia_coccoides_YL58	1.1942446043122419	1.1942446043122419	1.0	1.0928149908892364	1.0928149908892364
1425	PAN	Mn2+-e0	Blautia_coccoides_YL58	-0.7060625360089618	0.7060625360089618	-1.0	0.8402752739483423	-0.8402752739483423
1433	PAN	Zn2+-e0	Blautia_coccoides_YL58	-0.7060625360085032	0.7060625360085032	-1.0	0.8402752739480694	-0.8402752739480694
1441	PAN	L-Lysine-e0	Blautia_coccoides_YL58	-36.35966193644345	36.35966193644345	-1.0	6.029897340456424	-6.029897340456424
1449	Spermidine-e0	L-Aspartate-e0	Blautia_coccoides_YL58	-0.32194244609313927	0.32194244609313927	-1.0	0.5673997233812679	-0.5673997233812679
1450	Thiamin-e0	L-Aspartate-e0	Blautia_coccoides_YL58	5.728417266310522	5.728417266310522	1.0	2.3934112196424837	2.3934112196424837
1460	L-Lactate-e0	L-Aspartate-e0	Blautia_coccoides_YL58	-0.4406474820392769	0.4406474820392769	-1.0	0.663812836603268	-0.663812836603268
1476	Folate-e0	L-Aspartate-e0	Blautia_coccoides_YL58	7.194244604356735	7.194244604356735	1.0	2.682208903936592	2.682208903936592
1488	Riboflavin	L-Aspartate-e0	Blautia_coccoides_YL58	3.7679856118035997	3.7679856118035997	1.0	1.9411299832323439	1.9411299832323439
1489	PAN	L-Aspartate-e0	Blautia_coccoides_YL58	-2064.3796459615296	2064.3796459615296	-1.0	45.435444819672774	-45.435444819672774
1490	Puryvate	L-Aspartate-e0	Blautia_coccoides_YL58	0.08093525185598012	0.08093525185598012	1.0	0.28449121577999575	0.28449121577999575
1491	N-acetylneuraminate (as sialic residue)	L-Aspartate-e0	Blautia_coccoides_YL58	0.1798561150972592	0.1798561150972592	1.0	0.424094464827424	0.424094464827424
1501	PAN	Sulfate-e0	Blautia_coccoides_YL58	-0.7060625360105882	0.7060625360105882	-1.0	0.8402752739493101	-0.8402752739493101
1505	Spermidine-e0	L-Arginine-e0	Blautia_coccoides_YL58	0.9999999999994341	0.9999999999994341	1.0	0.999999999999717	0.999999999999717
1510	PAN	L-Arginine-e0	Blautia_coccoides_YL58	-22.723747384873665	22.723747384873665	-1.0	4.766943190858652	-4.766943190858652
1514	Thiamin-e0	L-Glutamine-e0	Blautia_coccoides_YL58	2.0000000000033844	2.0000000000033844	1.0	1.4142135623742915	1.4142135623742915
1520	Folate-e0	L-Glutamine-e0	Blautia_coccoides_YL58	1.000000000001217	1.000000000001217	1.0	1.0000000000006084	1.0000000000006084
1522	PAN	L-Glutamine-e0	Blautia_coccoides_YL58	-52.46635953707263	52.46635953707263	-1.0	7.243366588615588	-7.243366588615588
1523	N-acetylneuraminate (as sialic residue)	L-Glutamine-e0	Blautia_coccoides_YL58	0.9999999999996922	0.9999999999996922	1.0	0.9999999999998461	0.9999999999998461
1534	PAN	L-Histidine-e0	Blautia_coccoides_YL58	-9.20497770542894	9.20497770542894	-1.0	3.033970617100459	-3.033970617100459
1542	PAN	L-Proline-e0	Blautia_coccoides_YL58	-18.0877811911589	18.0877811911589	-1.0	4.25297321778058	-4.25297321778058
1550	PAN	Co2+-e0	Blautia_coccoides_YL58	-0.7060625360103234	0.7060625360103234	-1.0	0.8402752739491526	-0.8402752739491526
1564	PAN	L-Valine-e0	Blautia_coccoides_YL58	-34.56469128387342	34.56469128387342	-1.0	5.879174370936231	-5.879174370936231
1572	PAN	L-Threonine-e0	Blautia_coccoides_YL58	-58.55795728278127	58.55795728278127	-1.0	7.652317118545288	-7.652317118545288
1577	Spermidine-e0	Spermidine-e0	Blautia_coccoides_YL58	-0.9999999999999991	0.9999999999999991	-1.0	0.9999999999999996	-0.9999999999999996
1578	Thiamin-e0	Thiamin-e0	Blautia_coccoides_YL58	-1.0	1.0	-1.0	1.0	-1.0
1584	PAN	fe3-e0	Blautia_coccoides_YL58	-0.7060625360106125	0.7060625360106125	-1.0	0.8402752739493247	-0.8402752739493247
1592	Spermidine-e0	H+-e0	Blautia_coccoides_YL58	2.944244604338098	2.944244604338098	1.0	1.715880125282095	1.715880125282095
1593	Thiamin-e0	H+-e0	Blautia_coccoides_YL58	-1.0917266187579084	1.0917266187579084	-1.0	1.0448572241018905	-1.0448572241018905
1603	L-Lactate-e0	H+-e0	Blautia_coccoides_YL58	-0.6852517985505087	0.6852517985505087	-1.0	0.827799370953197	-0.827799370953197
1619	Folate-e0	H+-e0	Blautia_coccoides_YL58	-1.4244604316716938	1.4244604316716938	-1.0	1.19350761693074	-1.19350761693074
1631	Riboflavin	H+-e0	Blautia_coccoides_YL58	-0.5485611512054849	0.5485611512054849	-1.0	0.7406491417705721	-0.7406491417705721
1632	PAN	H+-e0	Blautia_coccoides_YL58	894.2642575128948	894.2642575128948	1.0	29.904251495613376	29.904251495613376
1633	Puryvate	H+-e0	Blautia_coccoides_YL58	-0.3435251798811314	0.3435251798811314	-1.0	0.5861102113776311	-0.5861102113776311
1634	N-acetylneuraminate (as sialic residue)	H+-e0	Blautia_coccoides_YL58	0.014388489212911526	0.014388489212911526	1.0	0.11995202879864736	0.11995202879864736
1644	Spermidine-e0	Uracil-e0	Blautia_coccoides_YL58	0.18884892086164012	0.18884892086164012	1.0	0.4345675101312109	0.4345675101312109
1645	Thiamin-e0	Uracil-e0	Blautia_coccoides_YL58	1.1816546762631894	1.1816546762631894	1.0	1.0870394087903112	1.0870394087903112
1655	L-Lactate-e0	Uracil-e0	Blautia_coccoides_YL58	0.06294964028692918	0.06294964028692918	1.0	0.2508976689547537	0.2508976689547537
1671	Folate-e0	Uracil-e0	Blautia_coccoides_YL58	1.115107913670578	1.115107913670578	1.0	1.0559867014648328	1.0559867014648328
1683	Riboflavin	Uracil-e0	Blautia_coccoides_YL58	-0.10971223020614283	0.10971223020614283	-1.0	0.3312283656424112	-0.3312283656424112
1684	PAN	Uracil-e0	Blautia_coccoides_YL58	-66.98074430540952	66.98074430540952	-1.0	8.184176458594322	-8.184176458594322
1685	Puryvate	Uracil-e0	Blautia_coccoides_YL58	0.13129496403060084	0.13129496403060084	1.0	0.36234646959864375	0.36234646959864375
1686	N-acetylneuraminate (as sialic residue)	Uracil-e0	Blautia_coccoides_YL58	0.4028776978412309	0.4028776978412309	1.0	0.6347264748229988	0.6347264748229988
1702	Thiamin-e0	L-Alanine-e0	Blautia_coccoides_YL58	-0.9999999999966414	0.9999999999966414	-1.0	0.9999999999983207	-0.9999999999983207
1706	Folate-e0	L-Alanine-e0	Blautia_coccoides_YL58	1.00000000000115	1.00000000000115	1.0	1.0000000000005749	1.0000000000005749
1708	PAN	L-Alanine-e0	Blautia_coccoides_YL58	-53.034440075715004	53.034440075715004	-1.0	7.282474859257325	-7.282474859257325
1712	Thiamin-e0	L-Cysteine-e0	Blautia_coccoides_YL58	1.0000000000004698	1.0000000000004698	1.0	1.000000000000235	1.000000000000235
1717	PAN	L-Cysteine-e0	Blautia_coccoides_YL58	-7.397459505332813	7.397459505332813	-1.0	2.71982710945619	-2.71982710945619
1721	Thiamin-e0	L-Tyrosine-e0	Blautia_coccoides_YL58	1.0000000000007634	1.0000000000007634	1.0	1.0000000000003817	1.0000000000003817
1726	PAN	L-Tyrosine-e0	Blautia_coccoides_YL58	-12.972744790873092	12.972744790873092	-1.0	3.6017696748783217	-3.6017696748783217
1732	Thiamin-e0	Inosine-e0	Blautia_coccoides_YL58	2.000000000002292	2.000000000002292	1.0	1.4142135623739054	1.4142135623739054
1741	Riboflavin	Inosine-e0	Blautia_coccoides_YL58	3.0000000000053326	3.0000000000053326	1.0	1.7320508075704166	1.7320508075704166
1742	PAN	Inosine-e0	Blautia_coccoides_YL58	-37.67381898621741	37.67381898621741	-1.0	6.137900209861464	-6.137900209861464
1751	Spermidine-e0	NH3-e0	Blautia_coccoides_YL58	0.9442446043673106	0.9442446043673106	1.0	0.9717224934966313	0.9717224934966313
1752	Thiamin-e0	NH3-e0	Blautia_coccoides_YL58	-7.091726618830708	7.091726618830708	-1.0	2.663029594058374	-2.663029594058374
1762	L-Lactate-e0	NH3-e0	Blautia_coccoides_YL58	0.3147482014641621	0.3147482014641621	1.0	0.5610242432053735	0.5610242432053735
1778	Folate-e0	NH3-e0	Blautia_coccoides_YL58	-8.4244604316958	8.4244604316958	-1.0	2.902492107085875	-2.902492107085875
1790	Riboflavin	NH3-e0	Blautia_coccoides_YL58	-3.5485611513764597	3.5485611513764597	-1.0	1.8837624986649617	-1.8837624986649617
1791	PAN	NH3-e0	Blautia_coccoides_YL58	2093.437992453823	2093.437992453823	1.0	45.75410355862983	45.75410355862983
1792	Puryvate	NH3-e0	Blautia_coccoides_YL58	-0.3435251799142782	0.3435251799142782	-1.0	0.586110211405908	-0.586110211405908
1793	N-acetylneuraminate (as sialic residue)	NH3-e0	Blautia_coccoides_YL58	-0.9856115107802784	0.9856115107802784	-1.0	0.9927796889442685	-0.9927796889442685
1803	Spermidine-e0	Acetate-e0	Blautia_coccoides_YL58	-0.4334532373839517	0.4334532373839517	-1.0	0.6583716559694469	-0.6583716559694469
1804	Thiamin-e0	Acetate-e0	Blautia_coccoides_YL58	-1.4550359712874077	1.4550359712874077	-1.0	1.206248718667675	-1.206248718667675
1814	L-Lactate-e0	Acetate-e0	Blautia_coccoides_YL58	0.18884892087631985	0.18884892087631985	1.0	0.43456751014810097	0.43456751014810097
1830	Folate-e0	Acetate-e0	Blautia_coccoides_YL58	-0.6546762590137607	0.6546762590137607	-1.0	0.8091206702425545	-0.8091206702425545
1842	Riboflavin	Acetate-e0	Blautia_coccoides_YL58	0.6708633091993077	0.6708633091993077	1.0	0.8190624574471154	0.8190624574471154
1843	PAN	Acetate-e0	Blautia_coccoides_YL58	1081.3735318504303	1081.3735318504303	1.0	32.88424443180093	32.88424443180093
1844	Puryvate	Acetate-e0	Blautia_coccoides_YL58	0.39388489205622884	0.39388489205622884	1.0	0.6276024952597216	0.6276024952597216
1845	N-acetylneuraminate (as sialic residue)	Acetate-e0	Blautia_coccoides_YL58	1.208633093530823	1.208633093530823	1.0	1.0993785033057646	1.0993785033057646
1855	PAN	L-Asparagine-e0	Blautia_coccoides_YL58	-16.661009646817366	16.661009646817366	-1.0	4.081790005232675	-4.081790005232675
1863	PAN	Ca2+-e0	Blautia_coccoides_YL58	-0.70606253601045	0.70606253601045	-1.0	0.8402752739492279	-0.8402752739492279
1871	PAN	Cu2+-e0	Blautia_coccoides_YL58	-0.7060625360098952	0.7060625360098952	-1.0	0.8402752739488978	-0.8402752739488978
1880	PAN	Fe2+-e0	Blautia_coccoides_YL58	-1.7060625360592065	1.7060625360592065	-1.0	1.3061632884364829	-1.3061632884364829
1898	PAN	K+-e0	Blautia_coccoides_YL58	-0.7060625359925679	0.7060625359925679	-1.0	0.8402752739385873	-0.8402752739385873
1902	L-Lactate-e0	L-Lactate-e0	Blautia_coccoides_YL58	-1.0000000000000002	1.0000000000000002	-1.0	1.0	-1.0
1908	PAN	L-Methionine-e0	Blautia_coccoides_YL58	-14.248894122101738	14.248894122101738	-1.0	3.7747707376874873	-3.7747707376874873
1918	Spermidine-e0	Succinate-e0	Blautia_coccoides_YL58	1.3219424460927038	1.3219424460927038	1.0	1.1497575597023504	1.1497575597023504
1919	Thiamin-e0	Succinate-e0	Blautia_coccoides_YL58	-5.728417266309463	5.728417266309463	-1.0	2.3934112196422626	-2.3934112196422626
1929	L-Lactate-e0	Succinate-e0	Blautia_coccoides_YL58	0.44064748203905096	0.44064748203905096	1.0	0.6638128366030978	0.6638128366030978
1945	Folate-e0	Succinate-e0	Blautia_coccoides_YL58	-7.194244604356382	7.194244604356382	-1.0	2.6822089039365262	-2.6822089039365262
1957	Riboflavin	Succinate-e0	Blautia_coccoides_YL58	-3.7679856118010444	3.7679856118010444	-1.0	1.9411299832316857	-1.9411299832316857
1958	PAN	Succinate-e0	Blautia_coccoides_YL58	2046.0354680824214	2046.0354680824214	1.0	45.23312357202873	45.23312357202873
1959	Puryvate	Succinate-e0	Blautia_coccoides_YL58	-0.08093525185548069	0.08093525185548069	-1.0	0.284491215779118	-0.284491215779118
1960	N-acetylneuraminate (as sialic residue)	Succinate-e0	Blautia_coccoides_YL58	-0.17985611509736654	0.17985611509736654	-1.0	0.4240944648275506	-0.4240944648275506
1971	PAN	Cl--e0	Blautia_coccoides_YL58	-0.7060625360099	0.7060625360099	-1.0	0.8402752739489007	-0.8402752739489007
1983	PAN	Mg-e0	Blautia_coccoides_YL58	-0.7060625360099082	0.7060625360099082	-1.0	0.8402752739489056	-0.8402752739489056
1989	Thiamin-e0	L-Serine-e0	Blautia_coccoides_YL58	1.0000000000047924	1.0000000000047924	1.0	1.000000000002396	1.000000000002396
1993	Folate-e0	L-Serine-e0	Blautia_coccoides_YL58	-0.9999999999983967	0.9999999999983967	-1.0	0.9999999999991983	-0.9999999999991983
1995	PAN	L-Serine-e0	Blautia_coccoides_YL58	-79.47065327937072	79.47065327937072	-1.0	8.914631415788918	-8.914631415788918
2012	Folate-e0	Folate-e0	Blautia_coccoides_YL58	-1.0	1.0	-1.0	1.0	-1.0
2021	Spermidine-e0	CO2-e0	Blautia_coccoides_YL58	-2.6223021582378774	2.6223021582378774	-1.0	1.619352388530019	-1.619352388530019
2022	Thiamin-e0	CO2-e0	Blautia_coccoides_YL58	-6.636690647569663	6.636690647569663	-1.0	2.5761775264080042	-2.5761775264080042
2032	L-Lactate-e0	CO2-e0	Blautia_coccoides_YL58	0.12589928059325983	0.12589928059325983	1.0	0.3548228862309474	0.3548228862309474
2048	Folate-e0	CO2-e0	Blautia_coccoides_YL58	-4.769784172690676	4.769784172690676	-1.0	2.1839835559570213	-2.1839835559570213
2060	Riboflavin	CO2-e0	Blautia_coccoides_YL58	-2.219424460639479	2.219424460639479	-1.0	1.4897732916922222	-1.4897732916922222
2061	PAN	CO2-e0	Blautia_coccoides_YL58	1463.5097035107915	1463.5097035107915	1.0	38.255845350884506	38.255845350884506
2062	Puryvate	CO2-e0	Blautia_coccoides_YL58	0.2625899280169227	0.2625899280169227	1.0	0.5124352915412079	0.5124352915412079
2063	N-acetylneuraminate (as sialic residue)	CO2-e0	Blautia_coccoides_YL58	-0.1942446043086113	0.1942446043086113	-1.0	0.44073189617795	-0.44073189617795
2074	PAN	O2-e0	Blautia_coccoides_YL58	-0.5000000000299556	0.5000000000299556	-1.0	0.7071067812077293	-0.7071067812077293
2079	Spermidine-e0	Urea-e0	Blautia_coccoides_YL58	-0.9999999999999754	0.9999999999999754	-1.0	0.9999999999999877	-0.9999999999999877
2084	PAN	Urea-e0	Blautia_coccoides_YL58	1.0000000000609874	1.0000000000609874	1.0	1.0000000000304936	1.0000000000304936
2111	PAN	L-Phenylalanine	Blautia_coccoides_YL58	-19.790702066671855	19.790702066671855	-1.0	4.448674192011802	-4.448674192011802
2115	Riboflavin	Riboflavin	Blautia_coccoides_YL58	-1.0000000000000018	1.0000000000000018	-1.0	1.0000000000000009	-1.0000000000000009
2116	PAN	PAN	Blautia_coccoides_YL58	-0.9999999999999984	0.9999999999999984	-1.0	0.9999999999999992	-0.9999999999999992
2117	Puryvate	Puryvate	Blautia_coccoides_YL58	-0.9999999999999986	0.9999999999999986	-1.0	0.9999999999999992	-0.9999999999999992
2118	N-acetylneuraminate (as sialic residue)	N-acetylneuraminate (as sialic residue)	Blautia_coccoides_YL58	-1.0	1.0	-1.0	1.0	-1.0
2120	Thiamin-e0	XAN-e0	Blautia_coccoides_YL58	-1.000000000000939	1.000000000000939	-1.0	1.0000000000004694	-1.0000000000004694
2125	Folate-e0	XAN-e0	Blautia_coccoides_YL58	0.9999999999996989	0.9999999999996989	1.0	0.9999999999998495	0.9999999999998495
2127	Riboflavin	XAN-e0	Blautia_coccoides_YL58	-2.00000000000214	2.00000000000214	-1.0	1.4142135623738517	-1.4142135623738517
2128	PAN	XAN-e0	Blautia_coccoides_YL58	15.165428978034736	15.165428978034736	1.0	3.8942815740563415	3.8942815740563415
2133	Thiamin-e0	5'-Deoxyadenosine-e0	Blautia_coccoides_YL58	-1.0000000000001157	1.0000000000001157	-1.0	1.0000000000000577	-1.0000000000000577
2138	PAN	5'-Deoxyadenosine-e0	Blautia_coccoides_YL58	1.500000000079543	1.500000000079543	1.0	1.2247448714240623	1.2247448714240623
